"Pel_CHP1_HePu1"	"Pel_PV1_HePu1"	"Pel_PV2_HePu1"	"Pel_PV3_HePu1"	"Pel_PubGel1_HePu1"	"Pel_CHP1_Demel1"	"Pel_PV1_Demel1"	"Pel_PV2_Demel1"	"Pel_PV3_Demel1"	"Pel_PubGel1_Demel1"	"Pel_CHP1_PubGel1"	"Pel_PV1_PubGel1"	"Pel_PV2_PubGel1"	"Pel_PV3_PubGel1"	"Pfuel_PubGfuel1_GaBo1"	"Pfuel_PubGfuel1_CHP1"	"Pth_GaBo1_TS1"	"Pth_TS7_TS1"	"Pth_TS1_Demth1"	"Pth_GaBo1_TS2"	"Pth_TS7_TS2"	"Pth_TS2_Demth2"	"Pth_GaBo1_TS3"	"Pth_TS7_TS3"	"Pth_TS3_Demth3"	"Pth_GaBo1_TS4"	"Pth_TS7_TS4"	"Pth_TS4_Demth4"	"Pth_GaBo1_TS5"	"Pth_TS7_TS5"	"Pth_TS5_Demth5"	"Pth_GaBo1_TS6"	"Pth_TS7_TS6"	"Pth_TS6_Demth6"	"Pth_GaBo1_Demth7"	"Pth_TS7_Demth7"	"Pth_GaBo1_Demth8"	"Pth_TS7_Demth8"	"Pth_GaBo1_Demth9"	"Pth_TS7_Demth9"	"Pth_GaBo1_Demth10"	"Pth_TS7_Demth10"	"Pth_GaBo1_Demth11"	"Pth_TS7_Demth11"	"Pth_GaBo1_Demth12"	"Pth_TS7_Demth12"	"Pth_GaBo1_Demth13"	"Pth_TS8_Demth13"	"Pth_GaBo1_Demth14"	"Pth_TS8_Demth14"	"Pth_GaBo1_Demth15"	"Pth_TS8_Demth15"	"Pth_GaBo1_Demth16"	"Pth_TS8_Demth16"	"Pth_GaBo1_Demth17"	"Pth_TS8_Demth17"	"Pth_GaBo1_Demth18"	"Pth_TS8_Demth18"	"Pth_GaBo1_Demth19"	"Pth_TS8_Demth19"	"Pth_GaBo1_Demth20"	"Pth_TS8_Demth20"	"Pth_GaBo1_Demth21"	"Pth_TS8_Demth21"	"Pth_GaBo1_Demth22"	"Pth_TS8_Demth22"	"Pth_GaBo1_Demth23"	"Pth_TS8_Demth23"	"Pth_GaBo1_Demth24"	"Pth_TS8_Demth24"	"Pth_CHP1_TS7"	"Pth_HePu1_TS8"	"Eth_TS1"	"Eth_TS2"	"Eth_TS3"	"Eth_TS4"	"Eth_TS5"	"Eth_TS6"	"Eth_TS7"	"Eth_TS8"	"Op_CHP1"	"Spot"
"1"	0	0	0	0	0	0	0	0	0	5.591767	0	0	0	0	0	0	0	0	0	0	0	0	0	0	0	0	0	0	0	0	0	0	0	0	0	2.06525	0	1.87806	0	1.670115	0	1.684395	0	1.92599	0	2.111755	0	0	0	0	0	0	0	0	0	0	0	0	0	2.06525	0	1.87806	0	1.670115	0	1.684395	0	1.92599	0	2.111755	0	0	8.14055875424526	8.14055875424526	8.14055875424526	8.14055875424526	8.14055875424526	8.14055875424526	17.7378591223045	3.20114706115224	0	0.0209
"2"	0	0	0	0	2.67585244816324	0	0	0	0	5.591767	0	0	0	0	0	0	0	0	0	0	0	0	0	0	0	0	0	0	0	0	0	0	0	0	0	2.06525	0	1.87806	0	1.670115	0	1.684395	0	1.92599	0	2.111755	0	0	0	0	0	0	0	0	0	0	0	0	0	2.06525	0	1.87806	0	1.670115	0	1.684395	0	1.92599	0	2.111755	0	8.13459144241624	8.14011753240623	8.14011753240623	8.14011753240623	8.14011753240623	8.14011753240623	8.14011753240623	6.40133272259489	0	0	0.0209
"3"	8.51087664473684	0	0	0	0	5.591767	0	0	0	0	7.89735635526318	0	0	0	0	73.3333333333334	0	0	0	0	0	0	0	0	0	0	0	0	0	0	0	0	0	0	0	2.06525	0	1.87806	0	1.670115	0	1.684395	0	1.92599	0	2.111755	0	0	0	0	0	0	0	0	0	0	0	0	0	2.06525	0	1.87806	0	1.670115	0	1.684395	0	1.92599	0	2.111755	36.6666666666667	25.873065	8.13967633448161	8.13967633448161	8.13967633448161	8.13967633448161	8.13967633448161	8.13967633448161	31.7320874342329	14.5375	1	0.0209
"4"	0	0	0	0	0	0	0	0	0	5.591767	0	0	0	0	0	0	0	0	0	0	0	0	0	0	0	0	0	0	0	0	0	0	0	0	0	2.06525	0	1.87806	0	1.670115	0	1.684395	0	1.92599	0	2.111755	0	0	0	0	0	0	0	0	0	0	0	0	0	2.06525	0	1.87806	0	1.670115	0	1.684395	0	1.92599	0	2.111755	0	0	8.13923516047012	8.13923516047012	8.13923516047012	8.13923516047012	8.13923516047012	8.13923516047012	20.3948025412382	3.20114706115224	0	0.0209
"5"	0	0	0	0	2.91028007974218	0	0	0	0	5.51977	0	0	0	0	0	0	0	0	0	0	0	0	0	0	0	0	0	0	0	0	0	0	0	0	0	2.197315	0	2.004605	0	1.771015	0	1.78486	0	2.048235	0	2.242195	0	0	0	0	0	0	0	0	0	0	0	0	0	2.197315	0	2.004605	0	1.771015	0	1.78486	0	2.048235	0	2.242195	0	8.84725144241624	8.13879401037045	8.13879401037045	8.13879401037045	8.13879401037045	8.13879401037045	8.13879401037045	8.34547213403517	0	0	0.0181
"6"	7.80093980396622	0	0	0	0	5.51977	0	0	0	0	8.6792901960338	0	0	0	0	73.3333333333334	0	0	0	0	0	0	0	0	0	0	0	0	0	0	0	0	0	0	0	2.197315	0	2.004605	0	1.771015	0	1.78486	0	2.048235	0	2.242195	0	0	0	0	0	0	0	0	0	0	0	0	0	2.197315	0	2.004605	0	1.771015	0	1.78486	0	2.048235	0	2.242195	36.6666666666667	24.0971030544517	8.13835288418131	8.13835288418131	8.13835288418131	8.13835288418131	8.13835288418131	8.13835288418131	32.9634614724682	12.0488780544517	1	0.0181
"7"	0	0	0	0	0	0	0	0	0	5.51977	0	0	0	0	0	0	0	0	0	0	0	0	0	0	0	0	0	0	0	0	0	0	0	0	0	2.197315	0	2.004605	0	1.771015	0	1.78486	0	2.048235	0	2.242195	0	0	0	0	0	0	0	0	0	0	0	0	0	2.197315	0	2.004605	0	1.771015	0	1.78486	0	2.048235	0	2.242195	0	0	8.1379117819014	8.1379117819014	8.1379117819014	8.1379117819014	8.1379117819014	8.1379117819014	20.913449838463	0	0	0.0181
"8"	8.52396700585877	0	0	0	0	5.51977	0	0	0	0	7.95626299414125	0	0	0	0	73.3333333333334	0	0	0	0	0	0.64	0	0	0	0	0	0.4175	0	0	0	0	0	0	0	2.197315	0	2.004605	0	1.771015	0	1.78486	0	2.048235	0	2.242195	0	0	0	0.64	0	0	0	0.4175	0	0	0	0	0	2.197315	0	2.004605	0	1.771015	0	1.78486	0	2.048235	0	2.242195	36.6666666666667	27.643225	8.13747070352942	7.49747070352942	8.13747070352942	7.71997070352942	8.13747070352942	8.13747070352942	45.5307579870166	14.5375	1	0.0181
"9"	0	0	0	0	0	0	0	0	0	5.327778	0	0	0	0	0	0	0	0	0	0	0	0	0	0	0	0	0	0	0	0	0	0	0	0	0	2.189755	0	1.997115	0	1.76222	0	1.77721	0	2.041975	0	2.233005	0	0	0	0	0	0	0	0	0	0	0	0	0	2.189755	0	1.997115	0	1.76222	0	1.77721	0	2.041975	0	2.233005	0	0	8.13702964906409	7.49706433734355	8.13702964906409	7.71955227774639	8.13702964906409	8.13702964906409	33.5270102000529	2.53543206115225	0	0.016
"10"	0	0	0	0	2.8693499122075	0	0	0	0	5.327778	0	0	0	0	0	0	0	0	0	0	0	0	0	0	0	0	0	0	0	0	0	0	0	0	0	2.189755	0	1.997115	0	1.76222	0	1.77721	0	2.041975	0	2.233005	0	0	0	0	0	0	0	0	0	0	0	0	0	2.189755	0	1.997115	0	1.76222	0	1.77721	0	2.041975	0	2.233005	0	9.46598536037256	8.1365886185041	7.49665799318289	8.1365886185041	7.71913387464222	8.1365886185041	8.1365886185041	21.5239130214606	0	0	0.016
"11"	8.23849045165202	0	0	0	0	5.327778	0	0	0	0	2.55956078055012	0	0	0	0	63.5430487203369	0	0	0	0	0	0.64	0	0	0	0	0	0	0	0	0	0	0	0	0	2.189755	0	1.997115	0	1.76222	0	1.77721	0	2.041975	0	2.233005	0	0	0	0.64	0	0	0	0	0	0	0	0	0	2.189755	0	1.997115	0	1.76222	0	1.77721	0	2.041975	0	2.233005	28.8344389762695	27.17878	8.13614761184816	6.85625167104627	8.13614761184816	7.71871549421568	8.13614761184816	8.13614761184816	38.355905392246	14.5375	1	0.016
"12"	0	0	0	0	0	0	0	0	0	5.327778	0	0	0	0	0	0	0	0	0	0	0	0.53	0	0	0	0	0	0.4175	0	0	0	0	0	0	0	2.189755	0	1.997115	0	1.76222	0	1.77721	0	2.041975	0	2.233005	0	0	0	0.53	0	0	0	0.4175	0	0	0	0	0	2.189755	0	1.997115	0	1.76222	0	1.77721	0	2.041975	0	2.233005	0	0	8.13570662909498	6.32588005921194	8.13570662909498	7.30079713646554	8.13570662909498	8.13570662909498	26.3525464854257	1.58793206115225	0	0.016
"13"	0	0	0	0	2.86366477266053	0	0	0	0	5.111787	0	0	0	0	0	0	0	0	0	0	0	0	0	0	0	0	0	0	0	0	0	0	0	0	0	2.037035	0	1.85363	0	1.63948	0	1.652695	0	1.893855	0	2.078655	0	0	0	0	0	0	0	0	0	0	0	0	0	2.037035	0	1.85363	0	1.63948	0	1.652695	0	1.893855	0	2.078655	0	9.56750400545883	8.13526567024325	6.32553719375055	8.13526567024325	7.30040143007287	8.13526567024325	8.13526567024325	15.1957681658994	0	0	0.0164
"14"	7.38088193047975	0	0	0	0	5.111787	0	0	0	0	9.50733106952027	0	0	0	0	73.3333333333334	0	0	0	0	0	0	0	0	0	0	0	0	0	8.14717526470832	0	0	0	0	0	2.037035	0	1.85363	0	1.63948	0	1.652695	0	1.893855	0	2.078655	0	0	0	0	0	0	0	0	0	0	0	0	0	2.037035	0	1.85363	0	1.63948	0	1.652695	0	1.893855	0	2.078655	36.6666666666667	25.69285	8.13482473529168	6.32519434687262	8.13482473529168	7.30000574512766	16.282	8.13482473529168	32.559085950588	14.5375	1	0.0164
"15"	0	0	0	0	0	0	0	0	0	5.111787	0	0	0	0	0	0	0	0	0	0	0	0	0	0	0	0	0	0	0	0	0	0	0	0	0	2.037035	0	1.85363	0	1.63948	0	1.652695	0	1.893855	0	2.078655	0	0	0	0	0	0	0	0	0	0	0	0	0	2.037035	0	1.85363	0	1.63948	0	1.652695	0	1.893855	0	2.078655	0	0	8.13438382423898	6.32485151857715	8.13438382423898	7.29961008162875	16.2811175084905	8.13438382423898	21.4019712339127	3.38136206115225	0	0.0164
"16"	10.3426712055245	0	0	0	0	5.111787	0	0	0	0	6.54554179447554	0	0	0	0	73.3333333333334	0	0	0	0	0	3.20286114	0	0	3.44186712	0	0	0.625	0	0	3.47927544	0	0	0.915	0	2.037035	0	1.85363	0	1.63948	0	1.652695	0	1.893855	0	2.078655	0	0	0	3.20286114	0	3.44186712	0	0.625	0	3.47927544	0	0.915	0	2.037035	0	1.85363	0	1.63948	0	1.652695	0	1.893855	0	2.078655	36.6666666666667	33.9756749101479	8.13394293708386	3.12164756886311	4.69207581708386	6.67421443957497	12.8009596248125	7.21894293708386	46.9121279043934	14.5375	1	0.0164
"17"	0	0	0	0	3.72362778642386	0	0	0	0	4.943794	0	0	0	0	0	0	0	0	0	0	0	0	0	0	0	0	0	0	0	0	1.125	0	0	0	0	1.977085	0	1.795945	0	1.59094	0	1.603775	0	1.834235	0	2.01763	0	0	0	0	0	0	0	0	0	1.125	0	0	0	1.977085	0	1.795945	0	1.59094	0	1.603775	0	1.834235	0	2.01763	0	11.9453979388478	8.133502073825	3.12147837420182	4.69182150452579	6.67385269423807	11.6752658072113	7.21855166722454	36.089975246577	14.5375	0	0.0138
"18"	0	0	0	0	2.25853557972034	0	0	0	0	4.943794	0	0	0	0	0	0	0	0	0	0	0	0	0	0	0	0	0	0	0	0	0	0	0	0	0	1.977085	0	1.795945	0	1.59094	0	1.603775	0	1.834235	0	2.01763	0	0	0	0	0	0	0	0	0	0	0	0	0	1.977085	0	1.795945	0	1.59094	0	1.603775	0	1.834235	0	2.01763	0	7.10309439822046	8.13306123446113	3.12130918871095	4.69156720575157	6.67349096850793	11.6746330027066	7.21816041857221	25.26840915416	10.8201964593727	0	0.0138
"19"	0	0	0	0	0	0	0	0	0	4.943794	0	0	0	0	0	0	0	0	0	0	0	0	0	0	0	0	0	0	0	0	0	0	0	0	0	1.977085	0	1.795945	0	1.59094	0	1.603775	0	1.834235	0	2.01763	0	0	0	0	0	0	0	0	0	0	0	0	0	1.977085	0	1.795945	0	1.59094	0	1.603775	0	1.834235	0	2.01763	0	0	8.13262041899095	3.12114001239002	4.69131292076046	6.67312926238347	11.6740002325001	7.21776919112574	14.4474295953505	0	0	0.0138
"20"	6.69064812015504	0	0	0	0	4.943794	0	0	0	0	0	0	0	0	0	56.0574035335917	0	0	0.96	0	0.0818902947614912	3.20286114	0	0	0.92	0	0	0.4175	0	0	3.47927544	0	0	0.915	0	1.977085	0	1.795945	0	1.59094	0	1.603775	0	1.834235	0	2.01763	0	0.96	0	3.20286114	0	0.92	0	0.4175	0	3.47927544	0	0.915	0	1.977085	0	1.795945	0	1.59094	0	1.603775	0	1.834235	0	2.01763	22.8459228268734	20.71424658	7.17217962741316	0	3.77105864955171	6.25526757586365	8.19409205659011	6.30237798488396	26.3910690704699	0	1	0.0138
"21"	6.2002	0	0	0	0	4.7998	0	0	0	0	0	0	0	0	0	55	0	2.16572731825633	0	0	0	0	0	0	0	0	0	0	0	0	1.55	0	0	0	0	1.78259	0	1.607195	0	1.433915	0	1.44752	0	1.64639	0	1.82114	0	0	0	0	0	0	0	0	0	1.55	0	0	0	1.78259	0	1.607195	0	1.433915	0	1.44752	0	1.64639	0	1.82114	22	19.065615	9.33751821040197	0	3.77085425652629	6.2549285376297	6.64364793322271	6.30203639324527	36.4851613447464	7.776865	1	0.0111
"22"	5.45267895224017	0	0	0	0	4.7998	0	0	0	0	0.747521047759832	0	0	0	0	55	0	0	0	0	0	0	0	0	0	0	0	0	0	0	0	0	0	0	0	1.78259	0	1.607195	0	1.433915	0	1.44752	0	1.64639	0	1.82114	0	0	0	0	0	0	0	0	0	0	0	0	0	1.78259	0	1.607195	0	1.433915	0	1.44752	0	1.64639	0	1.82114	22	16.4998065094787	9.33701211283777	0	3.77064987457905	6.25458951777176	6.6432878446038	6.30169482012099	48.7444338330704	14.5375	1	0.0111
"23"	0	0	0	0	0	0	0	0	0	4.7998	0	0	0	0	0	0	0	0	0	0	0	0	0	0	0	0	0	0	0	0	0	0	0	0	0	1.78259	0	1.607195	0	1.433915	0	1.44752	0	1.64639	0	1.82114	0	0	0	0	0	0	0	0	0	0	0	0	0	1.78259	0	1.607195	0	1.433915	0	1.44752	0	1.64639	0	1.82114	0	0	9.33650604270427	0	3.7704455037094	6.25425051628885	6.64292777550186	6.30135326551012	39.0030418634725	4.79796206115224	0	0.0111
"24"	9.87686992450213	0	0	0	0	4.7998	0	0	0	0	0	0	0	0	0	61.1277832075036	0	0	1.195	0	11.34386114	3.20286114	0	5.29075885608325	0.92	0	2.72208846682003	0.835	0	4.97770771408419	3.47927544	0	2.75498827058833	0.915	0	1.78259	0	1.607195	0	1.433915	0	1.44752	0	1.64639	0	1.82114	0	1.195	0	3.20286114	0	0.92	0	0.835	0	3.47927544	0	0.915	0	1.78259	0	1.607195	0	1.433915	0	1.44752	0	1.64639	0	1.82114	26.9022265660029	30.0256845704865	8.141	8.141	8.141	8.141	8.141	8.141	29.075	14.5375	1	0.0111
"25"	0	0	0	0	0	0	0	0	0	5.375776	0	0	0	0	0	0	0	0	0	0	0	0	0	0	0	0	0	0	0	0	0	0	0	0	0	1.80596	0	1.618625	0	1.48874	0	1.50353	0	1.729015	0	1.913985	0	0	0	0	0	0	0	0	0	0	0	0	0	1.80596	0	1.618625	0	1.48874	0	1.50353	0	1.729015	0	1.913985	0	0	8.14055875424526	8.14055875424526	8.14055875424526	8.14055875424526	8.14055875424526	8.14055875424526	19.0135691223045	4.47685706115224	0	0.0209
"26"	0	0	0	0	1.83659229817608	0	0	0	0	5.375776	0	0	0	0	0	0	0	0	0	0	0	0	0	0	0	0	0	0	0	0	0	0	0	0	0	1.80596	0	1.618625	0	1.48874	0	1.50353	0	1.729015	0	1.913985	0	0	0	0	0	0	0	0	0	0	0	0	0	1.80596	0	1.618625	0	1.48874	0	1.50353	0	1.729015	0	1.913985	0	5.58324058645528	8.14011753240623	8.14011753240623	8.14011753240623	8.14011753240623	8.14011753240623	8.14011753240623	8.95268357855584	0	0	0.0209
"27"	8.09123519736842	0	0	0	0	5.375776	0	0	0	0	0	0	0	0	0	59.1116853289474	0	0	0	0	0	0	0	0	0	0	0	0	0	0	0	0	0	0	0	1.80596	0	1.618625	0	1.48874	0	1.50353	0	1.729015	0	1.913985	0	0	0	0	0	0	0	0	0	0	0	0	0	1.80596	0	1.618625	0	1.48874	0	1.50353	0	1.729015	0	1.913985	25.2893482631579	24.597355	8.13967633448161	8.13967633448161	8.13967633448161	8.13967633448161	8.13967633448161	8.13967633448161	24.1816916023546	14.5375	1	0.0209
"28"	0	0	0	0	0	0	0	0	0	5.375776	0	0	0	0	0	0	0	0	0	0	0	0.64	0	0	0	0	0	0.4175	0	0	0	0	0	0	0	1.80596	0	1.618625	0	1.48874	0	1.50353	0	1.729015	0	1.913985	0	0	0	0.64	0	0	0	0.4175	0	0	0	0	0	1.80596	0	1.618625	0	1.48874	0	1.50353	0	1.729015	0	1.913985	0	0	8.13923516047012	7.49923516047012	8.13923516047012	7.72173516047012	8.13923516047012	8.13923516047012	14.1205259441109	3.41935706115225	0	0.0209
"29"	6.9077477860176	0	0	0	0	5.111787	0	0	0	0	0	0	0	0	0	56.6992246433627	0	0	0	0	0	0	0	0	0	0	0	0	0	0	0	0	0	0	0	1.777305	0	1.603215	0	1.456625	0	1.466355	0	1.697555	0	1.88017	0	0	0	0	0	0	0	0	0	0	0	0	0	1.777305	0	1.603215	0	1.456625	0	1.466355	0	1.697555	0	1.88017	23.3593797146901	20.9995532694935	8.13879401037045	7.4988286986499	8.13879401037045	7.72131663905275	8.13879401037045	8.13879401037045	27.5979153201292	14.5375	1	0.0181
"30"	0	0	0	0	0	0	0	0	0	5.111787	0	0	0	0	0	0	0	0	0	0	0	0	0	0	0	0	0	0	0	0	0	0	0	0	0	1.777305	0	1.603215	0	1.456625	0	1.466355	0	1.697555	0	1.88017	0	0	0	0	0	0	0	0	0	0	0	0	0	1.777305	0	1.603215	0	1.456625	0	1.466355	0	1.697555	0	1.88017	0	0	8.13835288418131	7.4984222588601	8.13835288418131	7.72089814031942	8.13835288418131	8.13835288418131	17.7151945010683	4.65548706115224	0	0.0181
"31"	0	0	0	0	1.64701867894084	0	0	0	0	5.111787	0	0	0	0	0	0	0	0	0	0	0	0	0	0	0	0	0	0	0	0	0	0	0	0	0	1.777305	0	1.603215	0	1.456625	0	1.466355	0	1.697555	0	1.88017	0	0	0	0	0	0	0	0	0	0	0	0	0	1.777305	0	1.603215	0	1.456625	0	1.466355	0	1.697555	0	1.88017	0	5.22599026827927	8.1379117819014	7.4980158410995	8.1379117819014	7.72047966426891	8.1379117819014	8.1379117819014	7.83300932979106	0	0	0.0181
"32"	7.85575855689177	0	0	0	0	5.111787	0	0	0	0	0	0	0	0	0	58.2792425948196	0	0	0	0	0	0.64	0	0	0	0	0	0.4175	0	0	0	0	0	0	0	1.777305	0	1.603215	0	1.456625	0	1.466355	0	1.697555	0	1.88017	0	0	0	0.64	0	0	0	0.4175	0	0	0	0	0	1.777305	0	1.603215	0	1.456625	0	1.466355	0	1.697555	0	1.88017	24.6233940758557	25.476225	8.13747070352942	6.85760944536693	8.13747070352942	7.30256121089998	8.13747070352942	8.13747070352942	22.5747538531208	14.5375	1	0.0181
"33"	0	0	0	0	0	0	0	0	0	4.991792	0	0	0	0	0	0	0	0	0	0	0	0	0	0	0	0	0	0	0	0	0	0	0	0	0	1.872635	0	1.704635	0	1.519405	0	1.526165	0	1.777635	0	1.96423	0	0	0	0	0	0	0	0	0	0	0	0	0	1.872635	0	1.704635	0	1.519405	0	1.526165	0	1.777635	0	1.96423	0	0	8.13702964906409	6.85723775994064	8.13702964906409	7.30216540889371	8.13702964906409	8.13702964906409	12.2088252916048	4.17200706115225	0	0.016
"34"	0	0	0	0	1.87721250786668	0	0	0	0	4.991792	0	0	0	0	0	0	0	0	0	0	0	0	0	0	0	0	0	0	0	0	0	0	0	0	0	1.872635	0	1.704635	0	1.519405	0	1.526165	0	1.777635	0	1.96423	0	0	0	0	0	0	0	0	0	0	0	0	0	1.872635	0	1.704635	0	1.519405	0	1.526165	0	1.777635	0	1.96423	0	6.19292406345216	8.1365886185041	6.85686609465986	8.1365886185041	7.30176962834008	8.1365886185041	8.1365886185041	1.84345856794302	0	0	0.016
"35"	7.54841012428008	0	0	0	0	4.991792	0	0	0	0	3.89912921426572	0	0	0	0	64.0655522309097	0	0	0	0	0	0	0	0	0	0	0	0	0	0	0	0	0	0	0	1.872635	0	1.704635	0	1.519405	0	1.526165	0	1.777635	0	1.96423	0	0	0	0	0	0	0	0	0	0	0	0	0	1.872635	0	1.704635	0	1.519405	0	1.526165	0	1.777635	0	1.96423	29.2524417847278	24.902205	8.13614761184816	6.8564944495235	8.13614761184816	7.30137386923793	8.13614761184816	8.13614761184816	20.7310954364115	14.5375	1	0.016
"36"	0	0	0	0	0	0	0	0	0	4.991792	0	0	0	0	0	0	0	0	0	0	0	0.64	0	0	0	0	0	0.4175	0	0	0	0	0	0	0	1.872635	0	1.704635	0	1.519405	0	1.526165	0	1.777635	0	1.96423	0	0	0	0.64	0	0	0	0.4175	0	0	0	0	0	1.872635	0	1.704635	0	1.519405	0	1.526165	0	1.777635	0	1.96423	0	0	8.13570662909498	6.21612282453046	8.13570662909498	6.8834781315861	8.13570662909498	8.13570662909498	10.3652668019866	3.11450706115225	0	0.016
"37"	0	0	0	0	2.17011875082024	0	0	0	0	4.919795	0	0	0	0	0	0	0	0	0	0	0	0	0	0	0	0	0	0	0	0	0	0	0	0	0	1.872635	0	1.704635	0	1.519405	0	1.526165	0	1.777635	0	1.96423	0	0	0	0	0	0	0	0	0	0	0	0	0	1.872635	0	1.704635	0	1.519405	0	1.526165	0	1.777635	0	1.96423	0	7.25036674649041	8.13526567024325	6.21578590795912	8.13526567024325	6.88310504406572	8.13526567024325	8.13526567024325	0	0	0	0.0164
"38"	7.15375035909222	0	0	0	0	4.919795	0	0	0	0	9.55538523391525	0	0	0	0	72.7148843216791	0	0	0	0	0	0	0	0	0	0	0	0	0	0	0	0	0	0	0	1.872635	0	1.704635	0	1.519405	0	1.526165	0	1.777635	0	1.96423	0	0	0	0	0	0	0	0	0	0	0	0	0	1.872635	0	1.704635	0	1.519405	0	1.526165	0	1.777635	0	1.96423	36.1719074573433	24.902205	8.13482473529168	6.21544900964881	8.13482473529168	6.88273197676684	8.13482473529168	8.13482473529168	25.8072024573433	14.5375	1	0.0164
"39"	0	0	0	0	0	0	0	0	0	4.919795	0	0	0	0	0	0	0	0	0	0	0	0	0	0	0	0	0	0	0	0	0	0	0	0	0	1.872635	0	1.704635	0	1.519405	0	1.526165	0	1.777635	0	1.96423	0	0	0	0	0	0	0	0	0	0	0	0	0	1.872635	0	1.704635	0	1.519405	0	1.526165	0	1.777635	0	1.96423	0	0	8.13438382423898	6.21511212959853	8.13438382423898	6.88235892968838	8.13438382423898	8.13438382423898	15.4410986957015	4.17200706115224	0	0.0164
"40"	9.08114661292303	0	0	0	0	4.919795	0	0	0	0	0	0	0	0	0	60.0015693548717	0	0	0	0	-1.77635683940025e-15	0.64	0	0	3.44186712	0	0	0.625	0	0	3.47927544	0	0	0.915	0	1.872635	0	1.704635	0	1.519405	0	1.526165	0	1.777635	0	1.96423	0	0	0	0.64	0	3.44186712	0	0.625	0	3.47927544	0	0.915	0	1.872635	0	1.704635	0	1.519405	0	1.526165	0	1.777635	0	1.96423	26.0012554838974	29.8315666234522	8.13394293708386	5.57477526780729	4.69207581708386	6.25698590282922	4.65466749708385	7.21894293708386	31.0768122653072	14.5375	1	0.0164
"41"	0	0	0	0	0	0	0	0	0	4.919795	0	0	0	0	0	0	0	0	0	0	0	0	0	0	0	0	0	0	0	0	1.43	0	0	0	0	1.913375	0	1.742315	0	1.54534	0	1.55262	0	1.810275	0	1.99457	0	0	0	0	0	0	0	0	0	1.43	0	0	0	1.913375	0	1.742315	0	1.54534	0	1.55262	0	1.810275	0	1.99457	0	0	8.133502073825	5.57447311255357	4.69182150452579	6.2566467714612	3.22441521207307	7.21855166722454	20.5166328885129	2.54821706115225	0	0.0138
"42"	7.16944866560418	0	0	0	0	4.919795	0	0	0	0	9.91075633439584	0	0	0	0	73.3333333333334	0	0	0	0	3.84975455451886	0	0	0	0	0	1.6867835531838	0	8.88178419700125e-16	9.32936265244961	0	0	0	0	0	1.913375	0	1.742315	0	1.54534	0	1.55262	0	1.810275	-8.88178419700125e-16	1.99457	0	0	0	0	0	0	0	0	0	0	0	0	0	1.913375	0	1.742315	0	1.54534	0	1.55262	0	1.810275	0	1.99457	36.6666666666667	22.5479160533251	8.13306123446113	9.42392552819565	4.69156720575157	7.94309121165804	12.5536030998102	7.21816041857221	31.7577917845662	14.5375	1	0.0138
"43"	0	0	0	0	3.40292714755003	0	0	0	0	4.919795	0	0	0	0	0	0	0	0	0	0	0	0	0	0	0	0	0	0	0	0	0	0	0	0	0	1.913375	0	1.742315	0	1.54534	0	1.55262	0	1.810275	0	1.99457	0	0	0	0	0	0	0	0	0	0	0	0	0	1.913375	0	1.742315	0	1.54534	0	1.55262	0	1.810275	0	1.99457	0	10.5592829388478	8.13262041899095	9.42341474731709	4.69131292076046	7.94266069264604	12.5529226890407	7.21776919112574	21.1975754983846	14.5375	0	0.0138
"44"	0	0	0	0	4.51921510316035	0	0	0	0	4.919795	0	0	0	0	0	0	0	0	0.96	0	0	0.64	0	0	0.92	0	0	0.4175	0	0	3.47927544	0	0	0.915	-1.73549399148623e-29	1.913375	0	1.742315	0	1.54534	0	1.55262	0	1.810275	0	1.99457	0	0.96	0	0.64	0	0.92	0	0.4175	0	3.47927544	0	0.915	0	1.913375	0	1.742315	0	1.54534	0	1.55262	0	1.810275	0	1.99457	0	13.9914899593844	7.17217962741316	8.78290399412308	3.77105864955171	7.52473019696836	9.0729668751498	6.30237798488396	10.6379315805367	10.6379315805367	0	0.0138
"45"	0	0	0	0	0	0	0	0	0	4.871797	0	0	0	0	0	0	0	0	0	0	0	0	0	0	0	0	0	0	0	0	0	0	0	0	3.94430452610506e-30	1.92625	0	1.75473	0	1.558275	0	1.56683	0	1.822905	0	2.008365	0	0	0	0	0	0	0	0	0	0	0	0	0	1.92625	0	1.75473	0	1.558275	0	1.56683	0	1.822905	0	2.008365	0	0	7.17179089214564	8.78242795689157	3.77085425652629	7.52432235330604	9.07247511638349	6.30203639324527	0	0	0	0.0111
"46"	7.03082834783103	0	0	0	0	4.871797	0	0	0	0	10.097374652169	0	0	0	0	73.3333333333334	0	0	0	0	0	0	0	0	0	0	0	0	0	0	0	0	0	0	0	1.92625	0	1.75473	0	1.558275	0	1.56683	0	1.822905	0	2.008365	0	0	0	0	0	0	0	0	0	0	0	0	0	1.92625	0	1.75473	0	1.558275	0	1.56683	0	1.822905	0	2.008365	36.6666666666667	21.2752865805367	7.17140217794775	8.78195194546149	3.77064987457905	7.52391453174902	9.07198338427071	6.30169482012099	26.0293116666667	10.6379315805367	1	0.0111
"47"	0	0	0	0	0	0	0	0	0	4.871797	0	0	0	0	0	0	0	2.16549255788594	0	0	-2.88822294171464e-19	0	0	5.29104563306688	0	0	1.45297979719335	0	-6.31088724176809e-30	1.15525786574655e-18	0	0	3.43517445854395	0	6.31088724176809e-30	1.92625	0	1.75473	0	1.558275	0	1.56683	0	1.822905	0	2.008365	0	0	0	0	0	0	0	0	0	0	0	0	0	1.92625	0	1.75473	0	1.558275	0	1.56683	0	1.822905	0	2.008365	0	0	9.33650604270427	8.78147595983143	9.06149113677629	8.97648652948945	9.07149167881003	9.73652772405407	3.04585341991862	0	0	0.0111
"48"	10.2927154605263	0	0	0	0	4.871797	0	0	0	0	6.8354875394737	0	0	0	0	73.3333333333334	0	0	1.195	0	0	0.64	0	0	0.92	0	1.77635683940026e-15	0.835	0	3.33066907387547e-16	0.93	0	-6.66133814775094e-16	1.595	0	1.92625	0	1.75473	0	1.558275	0	1.56683	0	1.822905	0	2.008365	0	1.195	0	0.64	0	0.92	0	0.835	0	0.93	0	1.595	0	1.92625	0	1.75473	0	1.558275	0	1.56683	0	1.822905	0	2.008365	36.6666666666667	31.289855	8.141	8.141	8.141	8.141	8.141	8.141	29.075	14.5375	1	0.0111
"49"	0	0	0	0	0	0	0	0	0	5.807758	0	0	0	0	0	0	0	0	0	0	0	0	0	0	0	0	0	2.6784156	0	0	0	0	0	0	0	2.11214	0	1.9173	0	1.717225	0	1.73871	0	2.00608	0	2.190335	0	0	0	0	0	0	0	2.6784156	0	0	0	0	0	2.11214	0	1.9173	0	1.717225	0	1.73871	0	2.00608	0	2.190335	0	0	8.14055875424526	8.14055875424526	8.14055875424526	5.46214315424526	8.14055875424526	8.14055875424526	17.3916341223045	0.176506461152246	0	0.0209
"50"	8.56670825841283	0	0	0	0	5.807758	0	0	0	0	7.62553374158719	0	0	0	0	73.3333333333334	0	0	0	0	0	0	0	0	0	0	0	0	0	0	0	0	0	0	0	2.11214	0	1.9173	0	1.717225	0	1.73871	0	2.00608	0	2.190335	0	0	0	0	0	0	0	0	0	0	0	0	0	2.11214	0	1.9173	0	1.717225	0	1.73871	0	2.00608	0	2.190335	36.6666666666667	26.042793105575	8.14011753240623	8.14011753240623	8.14011753240623	5.46184710370127	8.14011753240623	8.14011753240623	42.3755681548078	14.5375	1	0.0209
"51"	0	0	0	0	0	0	0	0	0	5.807758	0	0	0	0	0	0	0	0	0	0	0	0	0	0	0	0	0.799779532957712	0	0	0	0	0	0	0	0	2.11214	0	1.9173	0	1.717225	0	1.73871	0	2.00608	0	2.190335	0	0	0	0	0	0	0	0	0	0	0	0	0	2.11214	0	1.9173	0	1.717225	0	1.73871	0	2.00608	0	2.190335	0	0	8.13967633448161	8.13967633448161	8.13967633448161	6.26133060216106	8.13967633448161	8.13967633448161	29.8917018475529	2.85492206115225	0	0.0209
"52"	9.79147381367295	0	0	0	0	5.807758	0	0	0	0	1.54415791140931	0	0	0	0	65.2389828751371	0	0	0	0	0	3.20286114	0	0	0	0	0	3.13015626	0	0	0	0	0	0	0	2.11214	0	1.9173	0	1.717225	0	1.73871	0	2.00608	0	2.190335	0	0	0	3.20286114	0	0	0	3.13015626	0	0	0	0	0	2.11214	0	1.9173	0	1.717225	0	1.73871	0	2.00608	0	2.190335	30.1911863001097	29.6975400768701	8.13923516047012	4.93637402047012	8.13923516047012	3.13083497530843	8.13923516047012	8.13923516047012	48.3994780043703	14.5375	1	0.0209
"53"	0	0	0	0	0	0	0	0	0	5.567768	0	0	0	0	0	0	0	0	0	0	0	0	0	0	0	0	0	0	0	0	0	0	0	0	0	2.19024	0	1.99055	0	1.777495	0	1.79976	0	2.07659	0	2.263595	0	0	0	0	0	0	0	0	0	0	0	0	0	2.19024	0	1.99055	0	1.777495	0	1.79976	0	2.07659	0	2.263595	0	0	8.13879401037045	4.93610646684276	8.13879401037045	3.1306652826857	8.13879401037045	8.13879401037045	36.298624731529	2.43848206115224	0	0.0181
"54"	0	0	0	0	3.12718682604086	0	0	0	0	5.567768	0	0	0	0	0	0	0	0	0	0	0	0	0	0	0	0	0	0	0	0	0	0	0	0	0	2.19024	0	1.99055	0	1.777495	0	1.79976	0	2.07659	0	2.263595	0	0	0	0	0	0	0	0	0	0	0	0	0	2.19024	0	1.99055	0	1.777495	0	1.79976	0	2.07659	0	2.263595	0	9.65988010564023	8.13835288418131	4.93583892771692	8.13835288418131	3.13049559926039	8.13835288418131	8.13835288418131	24.1984273302189	0	0	0.0181
"55"	0	0	0	0	3.8128679483139	0	0	0	0	5.567768	0	0	0	0	0	0	0	0	0	0	0	0	0	0	0	0	0	0	0	0	0	0	0	0	0	2.19024	0	1.99055	0	1.777495	0	1.79976	0	2.07659	0	2.263595	0	0	0	0	0	0	0	0	0	0	0	0	0	2.19024	0	1.99055	0	1.777495	0	1.79976	0	2.07659	0	2.263595	0	12.09823	8.1379117819014	4.93557140309182	8.1379117819014	3.13032592503198	8.1379117819014	8.1379117819014	12.0988857648914	0	0	0.0181
"56"	0	0	0	0	5.68339420289855	0	0	0	0	5.567768	0	0	0	0	0	0	0	0	0	0	0	3.20286114	0	0	0	0	0	3.13015626	0	0	0	0	0	0	0	2.19024	0	1.99055	0	1.777495	0	1.79976	0	2.07659	0	2.263595	0	0	0	3.20286114	0	0	0	3.13015626	0	0	0	0	0	2.19024	0	1.99055	0	1.777495	0	1.79976	0	2.07659	0	2.263595	0	18.4312474	8.13747070352942	1.73244275296667	8.13747070352942	0	8.13747070352942	8.13747070352942	0	0	0	0.0181
"57"	7.70696744459205	0	0	0	0	5.375776	0	0	0	0	8.91725655540797	0	0	0	0	73.3333333333334	0	0	0	0	0	0	0	0	0	0	0	0	0	0	0	0	0	0	0	2.279485	0	2.07365	0	1.8472	0	1.87022	0	2.158115	0	2.34876	0	0	0	0	0	0	0	0	0	0	0	0	0	2.279485	0	2.07365	0	1.8472	0	1.87022	0	2.158115	0	2.34876	36.6666666666667	25.1555417391485	8.13702964906409	1.73234885381299	8.13702964906409	0	8.13702964906409	8.13702964906409	24.0892366666667	12.5781117391485	1	0.016
"58"	0	0	0	0	0	0	0	0	0	5.375776	0	0	0	0	0	0	0	0	0	0	0	0	0	0	0	0	0	0	0	0	0	0	0	0	0	2.279485	0	2.07365	0	1.8472	0	1.87022	0	2.158115	0	2.34876	0	0	0	0	0	0	0	0	0	0	0	0	0	2.279485	0	2.07365	0	1.8472	0	1.87022	0	2.158115	0	2.34876	0	0	8.1365886185041	1.73225495974869	8.1365886185041	0	8.1365886185041	8.1365886185041	11.5105010195209	-1.77645312393525e-15	0	0.016
"59"	8.21913610184905	0	0	0	0	5.375776	0	0	0	0	7.23895781280424	0	0	0	0	71.3897831910888	0	0	0	0	0	0	0	0	0	0	0	0	0	0	0	0	0	0	0	2.279485	0	2.07365	0	1.8472	0	1.87022	0	2.158115	0	2.34876	0	0	0	0	0	0	0	0	0	0	0	0	0	2.279485	0	2.07365	0	1.8472	0	1.87022	0	2.158115	0	2.34876	35.1118265528711	27.11493	8.13614761184816	1.73216107077349	8.13614761184816	0	8.13614761184816	8.13614761184816	34.0442736982107	14.5375	1	0.016
"60"	0	0	0	0	0.543153628928541	0	0	0	0	5.375776	0	0	0	0	0	0	0	0	0	0	0	0.64	0	0	0	0	3.13015626	3.13015626	0	0	0	0	0	0	0	2.279485	0	2.07365	0	1.8472	0	1.87022	0	2.158115	0	2.34876	0	0	0	0.64	0	0	0	3.13015626	0	0	0	0	0	2.279485	0	2.07365	0	1.8472	0	1.87022	0	2.158115	0	2.34876	0	1.81087419884775	8.13570662909498	1.09206718688711	8.13570662909498	0	8.13570662909498	8.13570662909498	18.3348422237109	0	0	0.016
"61"	7.57074393522383	0	0	0	0	5.183784	0	0	0	0	9.24547206477619	0	0	0	0	73.3333333333334	0	0	0	0	0	0	0	0	0	0	0	0	0	0	0	0	0	0	0	2.294685	0	2.08709	0	1.856595	0	1.88005	0	2.16858	0	2.359585	0	0	0	0	0	0	0	0	0	0	0	0	0	2.294685	0	2.08709	0	1.856595	0	1.88005	0	2.16858	0	2.359585	36.6666666666667	25.2938554875828	8.13526567024325	1.09200799636873	8.13526567024325	0	8.13526567024325	8.13526567024325	42.3539301339232	12.6472704875828	1	0.0164
"62"	0	0	0	0	0	0	0	0	0	5.183784	0	0	0	0	0	0	1.57772181044202e-30	0	0	0	0	0	-6.31088724176809e-30	6.31088724176809e-30	0	0	0	0	0	0	0	0	0	0	0	2.294685	0	2.08709	0	1.856595	0	1.88005	0	2.16858	0	2.359585	0	0	0	0	0	0	0	0	0	0	0	0	0	2.294685	0	2.08709	0	1.856595	0	1.88005	0	2.16858	0	2.359585	0	0	8.13482473529168	1.0919488090585	8.13482473529168	0	8.13482473529168	8.13482473529168	29.7050495324162	0	0	0.0164
"63"	8.01890412979351	0	0	0	0	5.183784	0	0	0	0	8.79731187020651	0	0	0	0	73.3333333333334	0	0	0	0	0	0	0	0	0	0	0	0	0	0	0	0	0	0	0	2.294685	0	2.08709	0	1.856595	0	1.88005	0	2.16858	0	2.359585	0	0	0	0	0	0	0	0	0	0	0	0	0	2.294685	0	2.08709	0	1.856595	0	1.88005	0	2.16858	0	2.359585	36.6666666666667	27.184085	8.13438382423898	1.09188962495626	8.13438382423898	0	8.13438382423898	8.13438382423898	53.7235211724276	14.5375	1	0.0164
"64"	0	0	0	0	8.14435073328699	0	0	0	0	5.183784	0	0	0	0	0	0	0	0	0	0	0	0.64	0	0	3.44186712	0	3.13015626	3.13015626	0	0	3.47927544	0	0	3.4155204	0	2.294685	0	2.08709	0	1.856595	0	1.88005	0	2.16858	0	2.359585	0	0	0	0.64	0	3.44186712	0	3.13015626	0	3.47927544	0	3.4155204	0	2.294685	0	2.08709	0	1.856595	0	1.88005	0	2.16858	0	2.359585	0	26.7541921588478	8.13394293708386	0.451830444061815	4.69207581708386	0	4.65466749708385	4.71842253708386	37.9438680741219	14.5375	0	0.0164
"65"	0	0	0	0	4.78409380886775	0	0	0	0	5.111787	0	0	0	0	0	0	-7.88860905221012e-31	0	0	0	0	0	0	0	1.41	0	0	0	0	0	1.29	0	0	0	0	2.294685	0	2.08709	0	1.856595	0	1.88005	0	2.16858	0	2.359585	0	0	0	0	0	1.41	0	0	0	1.29	0	0	0	2.294685	0	2.08709	0	1.856595	0	1.88005	0	2.16858	0	2.359585	0	15.3473729388478	8.133502073825	0.451805954654457	3.28182150452579	0	3.36441521207307	4.71816679652206	25.2952264999042	14.5375	0	0.0138
"66"	0	0	0	0	3.42039536611465	0	0	0	0	5.111787	0	0	0	0	0	0	0	0	0	0	0	0	0	0	0	0	0	0	0	0	0	0	0	0	0	2.294685	0	2.08709	0	1.856595	0	1.88005	0	2.16858	0	2.359585	0	0	0	0	0	0	0	0	0	0	0	0	0	2.294685	0	2.08709	0	1.856595	0	1.88005	0	2.16858	0	2.359585	0	10.7571434264306	8.13306123446113	0.451781466574435	3.28164362836725	0	3.36423285929951	4.71791106982152	12.6472704875828	12.6472704875828	0	0.0138
"67"	-1.18329135783152e-30	0	0	0	0	0	0	0	0	5.111787	0	0	0	0	0	0	0	0	0	0	0	0	0	0	0	0	0	0	0	0	0	0	0	0	0	2.294685	0	2.08709	0	1.856595	0	1.88005	0	2.16858	0	2.359585	0	0	0	0	0	0	0	0	0	0	0	0	0	2.294685	0	2.08709	0	1.856595	0	1.88005	0	2.16858	0	2.359585	-1.97215226305253e-30	-3.94430452610506e-30	8.13262041899095	0.451756979821677	3.28146576184967	0	3.36405051640955	4.71765535698147	0	0	0	0.0138
"68"	12.9198966408269	0	0	0	0	5.111787	0	0	0	0	3.51787098203135	0	0	0	0	72.582591038097	0	0	3.59637756	0	8.97117149972697	0.64	0	0.160579215027465	3.44186712	0	5.09936298397606	3.13015626	0	9.18837413174714	3.47927544	0	0	0.915	0	2.294685	0	2.08709	0	1.856595	0	1.88005	0	2.16858	0	2.359585	0	3.59637756	0	0.64	0	3.44186712	0	3.13015626	0	3.47927544	0	0.915	0	2.294685	0	2.08709	0	1.856595	0	1.88005	0	2.16858	0	2.359585	36.0660728304776	40	4.53580206741316	8.78290399412308	0	1.96920672397606	9.0729668751498	3.80239965800117	0	12.15073862	1	0.0138
"69"	5.15923250580123	0	0	0	0	5.015791	0	0	0	0	11.8249764941988	0	0	0	0	73.3333333333334	0	8.47373005490913	1.27	0	0	0	0	0	0	0	0	0	0	0	0	0	0	0	0	2.21279	0	2.01065	0	1.79487	0	1.81762	0	2.09286	0	2.27843	0	1.27	0	0	0	0	0	0	0	0	0	0	0	2.21279	0	2.01065	0	1.79487	0	1.81762	0	2.09286	0	2.27843	36.6666666666667	15.8646399553388	11.7392862798697	8.78242795689157	0	1.96909999211177	9.07247511638349	3.8021935662794	15.9857166117576	14.5375	1	0.0111
"70"	3.26450416766852	0	0	0	0	5.015791	0	0	0	0	13.7197048323315	0	0	0	0	73.3333333333334	0	0	0	0	0	0	0	0	0	0	0	0	0	0	0	0	5.25499427239751	0	0	2.21279	0	2.01065	0	1.79487	0	1.81762	0	2.09286	0	2.27843	0	0	0	0	0	0	0	0	0	0	0	0	0	2.21279	0	2.01065	0	1.79487	0	1.81762	0	2.09286	0	2.27843	36.6666666666667	9.87838961136494	11.7386500054274	8.78195194546149	0	1.96899326603239	9.07198338427071	9.05698175812541	35.1893025732063	12.2078816725172	1	0.0111
"71"	0	0	0	0	0	0	0	0	0	5.015791	0	0	0	0	0	0	0	0	0	0	0	0	0	0	0	0	0	0	0	0	0	0	0	0	0	2.21279	0	2.01065	0	1.79487	0	1.81762	0	2.09286	0	2.27843	0	0	0	0	0	0	0	0	0	0	0	0	0	2.21279	0	2.01065	0	1.79487	0	1.81762	0	2.09286	0	2.27843	0	0	11.7380137654715	8.78147595983143	0	1.96888654573762	9.07149167881003	9.05649086575941	22.9801752976415	0	0	0.0111
"72"	12.1303466513158	0	0	0	0	5.015791	0	0	0	0	4.85386234868423	0	0	0	0	73.3333333333334	0	0	3.59637756	0	0	0.64	0	9.061	0.92	0	9.30237642877287	3.13015626	0	0	0.93	0	-1.77635683940025e-15	0.915	0	2.21279	0	2.01065	0	1.79487	0	1.81762	0	2.09286	0	2.27843	0	3.59637756	0	0.64	0	0.92	0	3.13015626	0	0.93	0	0.915	0	2.21279	0	2.01065	0	1.79487	0	1.81762	0	2.09286	0	2.27843	36.6666666666667	36.87625382	8.141	8.141	8.141	8.141	8.141	8.141	29.075	14.5375	1	0.0111
"73"	0	0	0	0	0	0	0	0	0	5.807758	0	0	0	0	0	0	0	0	0	0	0	0.64	0	0	0	0	0	0.4175	0	0	0	0	0	0	0	1.98286	0	1.81115	0	1.598045	0	1.607345	0	1.85231	0	2.03345	0	0	0	0.64	0	0	0	0.4175	0	0	0	0	0	1.98286	0	1.81115	0	1.598045	0	1.607345	0	1.85231	0	2.03345	0	0	8.14055875424526	7.50055875424526	8.14055875424526	7.72305875424526	8.14055875424526	8.14055875424526	18.1882641223045	2.59405206115224	0	0.0209
"74"	0	0	0	0	2.72738438736913	0	0	0	0	5.807758	0	0	0	0	0	0	0	0	0	0	0	0	0	0	0	0	0	0	0	0	0	0	0	0	0	1.98286	0	1.81115	0	1.598045	0	1.607345	0	1.85231	0	2.03345	0	0	0	0	0	0	0	0	0	0	0	0	0	1.98286	0	1.81115	0	1.598045	0	1.607345	0	1.85231	0	2.03345	0	8.29124853760216	8.14011753240623	7.50015222068568	8.14011753240623	7.72264016108853	8.14011753240623	8.14011753240623	7.30211831044722	0	0	0.0209
"75"	8.36271710526316	0	0	0	0	5.807758	0	0	0	0	7.82952489473686	0	0	0	0	73.3333333333334	0	0	0	0	8.7822542908396	0	0	0	0	0	8.55977840938027	0	0	0	0	0	0	0	0	1.98286	0	1.81115	0	1.598045	0	1.607345	0	1.85231	0	2.03345	0	0	0	0	0	0	0	0	0	0	0	0	0	1.98286	0	1.81115	0	1.598045	0	1.607345	0	1.85231	0	2.03345	36.6666666666667	25.42266	8.13967633448161	16.282	8.13967633448161	16.282	8.13967633448161	8.13967633448161	15.7411964988932	14.5375	1	0.0209
"76"	5.67720584861449	0	0	0	0	5.807758	0	0	0	0	10.5150361513855	0	0	0	0	73.3333333333334	0	0	0	0	0	3.20286114	0	0	0	0	0	3.13015626	0	0	0	0	0	0	0	1.98286	0	1.81115	0	1.598045	0	1.607345	0	1.85231	0	2.03345	0	0	0	3.20286114	0	0	0	3.13015626	0	0	0	0	0	1.98286	0	1.81115	0	1.598045	0	1.607345	0	1.85231	0	2.03345	36.6666666666667	17.2189653388478	8.13923516047012	13.0782563684905	8.13923516047012	13.1509612484905	8.13923516047012	8.13923516047012	41.5218499858363	14.5375	1	0.0209
"77"	0	0	0	0	0	0	0	0	0	5.51977	0	0	0	0	0	0	0	0	0	0	0	0	0	0	0	0	0	0	0	0	0	0	0	0	0	1.92115	0	1.75319	0	1.54761	0	1.556625	0	1.79211	0	1.969205	0	0	0	0	0	0	0	0	0	0	0	0	0	1.92115	0	1.75319	0	1.54761	0	1.556625	0	1.79211	0	1.969205	0	0	8.13879401037045	13.0775475212848	8.13879401037045	13.1502484606485	8.13879401037045	8.13879401037045	30.9797094834367	3.99682206115225	0	0.0181
"78"	0	0	0	0	2.11825334035243	0	0	0	0	5.51977	0	0	0	0	0	0	0	0	0	0	0	0	0	0	0	0	0	0	0	0	0	0	0	0	0	1.92115	0	1.75319	0	1.54761	0	1.556625	0	1.79211	0	1.969205	0	0	0	0	0	0	0	0	0	0	0	0	0	1.92115	0	1.75319	0	1.54761	0	1.556625	0	1.79211	0	1.969205	0	6.54328456834867	8.13835288418131	13.0768387124988	8.13835288418131	13.1495357114399	8.13835288418131	8.13835288418131	20.4381403696555	0	0	0.0181
"79"	7.90336905137094	0	0	0	0	5.51977	0	0	0	0	8.57686094862908	0	0	0	0	73.3333333333334	0	0	0	0	0	0	0	0	0	0	0	0	0	0	0	0	0	0	0	1.92115	0	1.75319	0	1.54761	0	1.556625	0	1.79211	0	1.969205	0	0	0	0	0	0	0	0	0	0	0	0	0	1.92115	0	1.75319	0	1.54761	0	1.556625	0	1.79211	0	1.969205	36.6666666666667	25.07739	8.1379117819014	13.0761299421307	8.1379117819014	13.1488230008627	8.1379117819014	8.1379117819014	46.5638092801899	14.5375	1	0.0181
"80"	0	0	0	0	0.720380924714078	0	0	0	0	5.51977	0	0	0	0	0	0	0	0	0	0	0	3.20286114	0	0	0	0	0	3.13015626	0	0	0	0	0	0	0	1.92115	0	1.75319	0	1.54761	0	1.556625	0	1.79211	0	1.969205	0	0	0	3.20286114	0	0	0	3.13015626	0	0	0	0	0	1.92115	0	1.75319	0	1.54761	0	1.556625	0	1.79211	0	1.969205	0	2.33619533884775	8.13747070352942	9.87256007017814	8.13747070352942	10.0179540689146	8.13747070352942	8.13747070352942	36.021395501395	0	0	0.0181
"81"	7.8372349877451	0	0	0	0	5.375776	0	0	0	0	8.78698901225492	0	0	0	0	73.3333333333334	0	0.720636780890295	0	0	0	0	0	2.77223801180655	0	0	0	0	0	0	0	0	0	0	0	2.010825	0	1.83717	0	1.623365	0	1.633515	0	1.87899	0	2.05937	0	0	0	0	0	0	0	0	0	0	0	0	0	2.010825	0	1.83717	0	1.623365	0	1.633515	0	1.87899	0	2.05937	36.6666666666667	25.580735	8.85766642995439	9.87202497311152	10.9092676608706	10.0174110914298	8.13702964906409	8.13702964906409	58.15	14.5375	1	0.016
"82"	0	0	0	0	2.2886803635799	0	0	0	0	5.375776	0	0	0	0	0	0	0	0	0	0	0	0	0	0	0	0	0	0	0	0	0	0	0	0	0	2.010825	0	1.83717	0	1.623365	0	1.633515	0	1.87899	0	2.05937	0	0	0	0	0	0	0	0	0	0	0	0	0	2.010825	0	1.83717	0	1.623365	0	1.633515	0	1.87899	0	2.05937	0	7.55035651945008	8.85718634056621	9.87148990504738	10.9086763737999	10.0168681433746	8.1365886185041	8.1365886185041	47.103613244609	11.0438335806023	0	0.016
"83"	0	0	0	0	0	0	0	0	0	5.375776	0	0	0	0	0	0	0	0	0	0	0	0	0	0	0	0	0	0	0	0	0	0	0	0	0	2.010825	0	1.83717	0	1.623365	0	1.633515	0	1.87899	0	2.05937	0	0	0	0	0	0	0	0	0	0	0	0	0	2.010825	0	1.83717	0	1.623365	0	1.633515	0	1.87899	0	2.05937	0	0	8.85670627719909	9.87095486598418	10.9080851187772	10.0163252247474	8.13614761184816	8.13614761184816	36.0578252082035	0	0	0.016
"84"	0	0	0	0	5.21183335332933	0	0	0	0	5.375776	0	0	0	0	0	0	0	0	0	0	0	3.20286114	0	0	0	0	0	3.13015626	0	0	0	0	0	0	0	2.010825	0	1.83717	0	1.623365	0	1.633515	0	1.87899	0	2.05937	0	0	0	3.20286114	0	0	0	3.13015626	0	0	0	0	0	2.010825	0	1.83717	0	1.623365	0	1.633515	0	1.87899	0	2.05937	0	17.3762524	8.85622623985161	6.66755871592032	10.9074938958008	6.88562607554658	8.13570662909498	8.13570662909498	25.0126358583326	0	0	0.016
"85"	7.77113888057468	0	0	0	0	5.303779	0	0	0	0	8.92508211942534	0	0	0	0	73.3333333333334	0	0	0	0	0	0	0	0	0	0	0	0	0	0	0	0	0	0	0	2.07978	0	1.895785	0	1.68204	0	1.69701	0	1.944265	0	2.126995	0	0	0	0	0	0	0	0	0	0	0	0	0	2.07978	0	1.895785	0	1.68204	0	1.69701	0	1.944265	0	2.126995	36.6666666666667	25.963375	8.85574622852237	6.66719733132655	10.9069027048689	6.88525287160669	8.13526567024325	8.13526567024325	50.2520718292141	14.5375	1	0.0164
"86"	0	0	0	0	2.42081515475771	0	0	0	0	5.303779	0	0	0	0	0	0	0	0	0	0	0	0	0	0	0	0	0	0	0	0	0	0	0	0	0	2.07978	0	1.895785	0	1.68204	0	1.69701	0	1.944265	0	2.126995	0	0	0	0	0	0	0	0	0	0	0	0	0	2.07978	0	1.895785	0	1.68204	0	1.69701	0	1.944265	0	2.126995	0	8.42685755371159	8.85526624320994	6.66683596631998	10.9063115459799	6.88487968789463	8.13482473529168	8.13482473529168	38.8234731449786	11.5376946148638	0	0.0164
"87"	0	0	0	0	0	0	0	0	0	5.303779	0	0	0	0	0	0	0	0	0	0	0	0	0	0	0	0	0	0	0	0	0	0	0	0	0	2.07978	0	1.895785	0	1.68204	0	1.69701	0	1.944265	0	2.126995	0	0	0	0	0	0	0	0	0	0	0	0	0	2.07978	0	1.895785	0	1.68204	0	1.69701	0	1.944265	0	2.126995	0	0	8.85478628391294	6.66647462089955	10.9057204191319	6.88450652440928	8.13438382423898	8.13438382423898	27.395493895782	0.111194266777813	0	0.0164
"88"	12.1765601217656	0	0	0	0	5.303779	0	0	0	0	4.51966087823442	0	0	0	0	73.3333333333334	0	0	0	0	0	3.20286114	0	0	0.92	0	0	3.13015626	0	0	3.47927544	0	11.5635774629161	3.4155204	0	2.07978	0	1.895785	0	1.68204	0	1.69701	0	1.944265	0	2.126995	0	0	0	3.20286114	0	0.92	0	3.13015626	0	3.47927544	0	3.4155204	0	2.07978	0	1.895785	0	1.68204	0	1.69701	0	1.944265	0	2.126995	36.6666666666667	40	8.85430635062994	3.4632521550642	9.98512932432319	3.75397712114956	4.65466749708385	16.282	41.0712232518012	14.5375	1	0.0164
"89"	0	0	0	0	4.45234849714705	0	0	0	0	5.351777	0	0	0	0	0	0	0	0	0	0	0	0	0	0	0	0	0	0	0	0	0	0	0	2.99633604	0	2.05456	0	1.877135	0	1.660555	0	1.672095	0	1.919335	0	2.10233	0	0	0	0	0	0	0	0	0	0	0	2.99633604	0	2.05456	0	1.877135	0	1.660555	0	1.672095	0	1.919335	0	2.10233	0	14.2831339788478	8.85382644335952	3.46306444528518	9.98458812595383	3.75377365395043	4.65441521207307	13.2847814684905	29.7829871735673	14.5375	0	0.0138
"90"	0	0	0	0	2.55514139226529	0	0	0	0	5.351777	0	0	0	0	0	0	0	0	0	0	0	0	0	0	0	0	0	0	0	0	0	0	0	0	0	2.05456	0	1.877135	0	1.660555	0	1.672095	0	1.919335	0	2.10233	0	0	0	0	0	0	0	0	0	0	0	0	0	2.05456	0	1.877135	0	1.660555	0	1.672095	0	1.919335	0	2.10233	0	8.03591967867432	8.8533465621003	3.46287674568011	9.98404695691767	3.75357019777931	4.65416294073624	13.2840614275342	18.4953629226579	11.2866217398266	0	0.0138
"91"	0	0	0	0	0	0	0	0	0	5.351777	0	0	0	0	0	0	0	0	0	0	0	0	0	0	0	0	0	0	0	0	0	0	0	0	0	2.05456	0	1.877135	0	1.660555	0	1.672095	0	1.919335	0	2.10233	0	0	0	0	0	0	0	0	0	0	0	0	0	2.05456	0	1.877135	0	1.660555	0	1.672095	0	1.919335	0	2.10233	0	0	8.85286670685085	3.46268905624844	9.9835058172131	3.75336675263561	4.65391068307262	13.2833414256043	7.20835046591153	0	0	0.0138
"92"	7.70172732558139	0	0	0	0	5.351777	0	0	0	0	8.94649567441862	0	0	0	0	73.3333333333334	0	0	0.96	0	0	3.20286114	0	0	0.92	0	0	3.13015626	0	0	0.93	0	0	3.4155204	0	2.05456	0	1.877135	0	1.660555	0	1.672095	0	1.919335	0	2.10233	0	0.96	0	3.20286114	0	0.92	0	3.13015626	0	0.93	0	3.4155204	0	2.05456	0	1.877135	0	1.660555	0	1.672095	0	1.919335	0	2.10233	36.6666666666667	23.8445478	7.89238687760976	0.259640236989615	9.06296470683854	0.623007058518719	3.72365843908148	9.86710106269895	32.5886164368355	0	1	0.0138
"93"	8.69623902439024	0	0	0	0	5.471772	0	0	0	0	7.83198897560977	0	0	0	0	73.3333333333334	0	0	0	0	0	0	0	0	0	0	0	0	0	0	0	0	0	0.99	0	2.04176	0	1.86596	0	1.649915	0	1.660805	0	1.906135	0	2.08886	0	0	0	0	0	0	0	0	0	0	0	0.99	0	2.04176	0	1.86596	0	1.649915	0	1.660805	0	1.906135	0	2.08886	36.6666666666667	26.740935	7.8919591067948	0.259626164375399	9.06247349019411	0.622973291264113	3.72345661516816	8.87656626151291	58.0400817862616	14.5375	1	0.0111
"94"	-2.06170450935565e-30	0	0	0	0	0	0	0	0	5.471772	0	0	0	0	0	0	0	0	0	0	0	0	0	0	0	0	0	0	0	0	0	0	0	0	0	2.04176	0	1.86596	0	1.649915	0	1.660805	0	1.906135	0	2.08886	0	0	0	0	0	0	0	0	0	0	0	0	0	2.04176	0	1.86596	0	1.649915	0	1.660805	0	1.906135	0	2.08886	-3.43617418225941e-30	-6.23871784531019e-30	7.89153135916522	0.259612092523925	9.06198230017384	0.622939525839707	3.72325480219378	8.87608514774561	46.8235009884857	3.32327706115225	0	0.0111
"95"	0	0	0	0	2.59550594141959	0	0	0	0	5.471772	0	0	0	0	0	0	0	0	0	0	0	0	0	0	0	0	0	0	0	0	0	0	0	0	0	2.04176	0	1.86596	0	1.649915	0	1.660805	0	1.906135	0	2.08886	0	0	0	0	0	0	0	0	0	0	0	0	0	2.04176	0	1.86596	0	1.649915	0	1.660805	0	1.906135	0	2.08886	3.15544362088405e-30	7.89033806191557	7.89110363471974	0.259598021435151	9.06149113677629	0.622905762245402	3.72305300015776	8.87560406005489	35.6075281342868	0	0	0.0111
"96"	12.8386423684211	0	0	0	0	5.471772	0	0	0	0	3.47103701913389	0	0	0	0	72.9690856459249	0	1.93032406654289	1.68	0	11.084277188891	3.20286114	0	0	0.92	0	10.6482842595189	3.13015626	0	5.34814879094051	0.93	0	2.68139740156067	3.4155204	0	2.04176	0	1.86596	0	1.649915	0	1.660805	0	1.906135	0	2.08886	0	1.68	0	3.20286114	0	0.92	0	3.13015626	0	0.93	0	3.4155204	0	2.04176	0	1.86596	0	1.649915	0	1.660805	0	1.906135	0	2.08886	36.3752685167399	39.0294728	8.141	8.141	8.141	8.141	8.141	8.141	29.075	14.5375	1	0.0111
"97"	0	0	0	0	0	0	0	0	0	6.551727	0	0	0	0	0	0	0	0	0	0	0	0	0	0	0	0	0	0	0	0	0	0	0	0	0	1.580665	0	1.433225	0	1.27886	0	1.28318	0	1.490695	0	1.645645	0	0	0	0	0	0	0	0	0	0	0	0	0	1.580665	0	1.433225	0	1.27886	0	1.28318	0	1.490695	0	1.645645	0	0	8.14055875424526	8.14055875424526	8.14055875424526	8.14055875424526	8.14055875424526	8.14055875424526	20.3611541223045	5.82444206115225	0	0.0209
"98"	5.93771171912852	0	0	0	0	6.551727	0	0	0	0	0	0	0	0	0	57.4823978652142	0	0	0	0	0	0	0	0	0	0	0	0.625	0	0	0	0	0	0	0	1.580665	0	1.433225	0	1.27886	0	1.28318	0	1.490695	0	1.645645	0	0	0	0	0	0	0	0.625	0	0	0	0	0	1.580665	0	1.433225	0	1.27886	0	1.28318	0	1.490695	0	1.645645	23.9859182921714	18.0506436261507	8.14011753240623	8.14011753240623	8.14011753240623	7.51511753240623	8.14011753240623	8.14011753240623	35.6336988310318	14.5375	1	0.0209
"99"	0	0	0	0	0	0	0	0	0	6.551727	0	0	0	0	0	0	0	0	0	0	0	0	0	0	0	0	0	0.71	0	0	0	0	0	0	0	1.580665	0	1.433225	0	1.27886	0	1.28318	0	1.490695	0	1.645645	0	0	0	0	0	0	0	0.71	0	0	0	0	0	1.580665	0	1.433225	0	1.27886	0	1.28318	0	1.490695	0	1.645645	0	0	8.13967633448161	8.13967633448161	8.13967633448161	6.80471020975452	8.13967633448161	8.13967633448161	26.9194974689958	5.11444206115225	0	0.0209
"100"	8.06746539526564	0	0	0	0	6.551727	0	0	0	0	0	0	0	0	0	61.0319873254427	0	0	0	0	8.88178419700125e-16	3.20286114	0	0	0	0	12.6078148685101	3.13015626	0	0	0	0	0	0	0	1.580665	0	1.433225	0	1.27886	0	1.28318	0	1.490695	0	1.645645	0	0	0	3.20286114	0	0	0	3.13015626	0	0	0	0	0	1.580665	0	1.433225	0	1.27886	0	1.28318	0	1.490695	0	1.645645	26.8255898603542	24.4686225438407	8.13923516047012	4.93637402047012	8.13923516047012	16.282	8.13923516047012	8.13923516047012	32.4235434123227	14.5375	1	0.0209
"101"	0	0	0	0	0	0	0	0	0	6.287738	0	0	0	0	0	0	0	0	0	0	0	0	0	0	0	0	0	0	0	0	0	0	0	0	0	1.702385	0	1.5508	0	1.38491	0	1.39335	0	1.608745	0	1.771175	0	0	0	0	0	0	0	0	0	0	0	0	0	1.702385	0	1.5508	0	1.38491	0	1.39335	0	1.608745	0	1.771175	0	0	8.13879401037045	4.93610646684276	8.13879401037045	16.2811175084905	8.13879401037045	8.13879401037045	23.0104210421121	5.12534706115225	0	0.0181
"102"	0	0	0	0	1.38759978468645	0	0	0	0	6.287738	0	0	0	0	0	0	0	0	0	0	0	0	0	0	0	0	0	0	0	0	0	0	0	0	0	1.702385	0	1.5508	0	1.38491	0	1.39335	0	1.608745	0	1.771175	0	0	0	0	0	0	0	0	0	0	0	0	0	1.702385	0	1.5508	0	1.38491	0	1.39335	0	1.608745	0	1.771175	0	4.28629573489644	8.13835288418131	4.93583892771692	8.13835288418131	16.2802350648125	8.13835288418131	8.13835288418131	13.5978088672442	0	0	0.0181
"103"	0	0	0	0	2.96607784431138	0	0	0	0	6.287738	0	0	0	0	0	0	0	0	0	0	0	0	0	0	0	0	0	0	0	0	0	0	0	0	0	1.702385	0	1.5508	0	1.38491	0	1.39335	0	1.608745	0	1.771175	0	0	0	0	0	0	0	0	0	0	0	0	0	1.702385	0	1.5508	0	1.38491	0	1.39335	0	1.608745	0	1.771175	0	9.411365	8.1379117819014	4.93557140309182	8.1379117819014	16.2793526689632	8.1379117819014	8.1379117819014	4.18570686006618	0	0	0.0181
"104"	9.33761406105458	0	0	0	0	6.287738	0	0	0	0	0	0	0	0	0	62.7089201017576	0	0	0	0	0	3.20286114	0	0	0	0	0	3.13015626	0	0	0	0	3.30579471329111	0	0	1.702385	0	1.5508	0	1.38491	0	1.39335	0	1.608745	0	1.771175	0	0	0	3.20286114	0	0	0	3.13015626	0	0	0	0	0	1.702385	0	1.5508	0	1.38491	0	1.39335	0	1.608745	0	1.771175	28.1671360814061	30.2818824	8.13747070352942	1.73244275296667	8.13747070352942	13.1483140609402	8.13747070352942	11.4432654168205	19.6354563610417	14.5375	1	0.0181
"105"	0	0	0	0	0	0	0	0	0	6.095746	0	0	0	0	0	0	8.88226561967584e-16	0	0	-8.88226561967584e-16	0	0	0	0	0	0	0	0	0	0	0	0	0	0	0	1.77616	0	1.61659	0	1.445985	0	1.457255	0	1.67819	0	1.84275	0	0	0	0	0	0	0	0	0	0	0	0	0	1.77616	0	1.61659	0	1.445985	0	1.457255	0	1.67819	0	1.84275	0	0	8.13702964906409	1.73234885381299	8.13702964906409	13.147601416577	8.13702964906409	11.4426451868383	9.81746211073317	4.71978206115225	0	0.016
"106"	0	0	0	0	1.54513602700708	0	0	0	0	6.095746	0	0	0	0	0	0	-8.88178419700075e-16	0	0	0	0	0	0	0	0	0	0	0	0	0	0	0	0	0	8.88178419700226e-16	1.77616	0	1.61659	0	1.445985	0	1.457255	0	1.67819	0	1.84275	0	0	0	0	0	0	0	0	0	0	0	0	0	1.77616	0	1.61659	0	1.445985	0	1.457255	0	1.67819	0	1.84275	0	5.09740375309635	8.1365886185041	1.73225495974869	8.1365886185041	13.1468888108393	8.1365886185041	11.4420249904727	0	0	0	0.016
"107"	4.904254	0	0	0	0	6.095746	0	0	0	0	0	0	0	0	0	55	0	0	0	0	0	0	0	0	0	0	0	0	0	0	0	0	0	0	0	1.77616	0	1.61659	0	1.445985	0	1.457255	0	1.67819	0	1.84275	0	0	0	0	0	0	0	0	0	0	0	0	0	1.77616	0	1.61659	0	1.445985	0	1.457255	0	1.67819	0	1.84275	22	16.179133946	8.13614761184816	1.73216107077349	8.13614761184816	13.1461762437252	8.13614761184816	11.4414048277221	12.18307	6.362203946	1	0.016
"108"	7.29621724302097	0	0	0	0	6.095746	0	0	0	0	0	0	0	0	0	58.986605405035	0	0	0	0	1.47079395311289	3.20286114	0	0	0	0	0	3.13015626	0	0	0	0	0	0	0	1.77616	0	1.61659	0	1.445985	0	1.457255	0	1.67819	0	1.84275	0	0	0	3.20286114	0	0	0	3.13015626	0	0	0	0	0	1.77616	0	1.61659	0	1.445985	0	1.457255	0	1.67819	0	1.84275	25.189284324028	24.3255882882319	8.13570662909498	0	8.13570662909498	10.0153074552326	8.13570662909498	11.4407846985846	26.0839700432014	14.5375	1	0.016
"109"	0	0	0	0	0	0	0	0	0	5.99975	0	0	0	0	0	0	0	0	0	0	0	0	0	0	0	0	0	0	0	0	0	0	0	0	0	1.793395	0	1.62882	0	1.462425	0	1.47733	0	1.69167	0	1.854755	0	0	0	0	0	0	0	0	0	0	0	0	0	1.793395	0	1.62882	0	1.462425	0	1.47733	0	1.69167	0	1.854755	0	0	8.13526567024325	0	8.13526567024325	10.0147646211954	8.13526567024325	11.4401646030584	16.1741612806355	4.62831706115225	0	0.0164
"110"	0	0	0	0	1.51689997002396	0	0	0	0	5.99975	0	0	0	0	0	0	0	0	0	0	0	0	0	0	0	0	0	0	0	0	0	0	0	0	0	1.793395	0	1.62882	0	1.462425	0	1.47733	0	1.69167	0	1.854755	0	0	0	0	0	0	0	0	0	0	0	0	0	1.793395	0	1.62882	0	1.462425	0	1.47733	0	1.69167	0	1.854755	0	5.28032879565341	8.13482473529168	0	8.13482473529168	10.01422181658	8.13482473529168	11.4395445411416	6.26488963403174	0	0	0.0164
"111"	7.21117846607669	0	0	0	0	5.99975	0	0	0	0	0	0	0	0	0	58.6848807767945	0	0	0	0	0	0	0	0	0	0	0	0	0	0	0	0	0	0	0	1.793395	0	1.62882	0	1.462425	0	1.47733	0	1.69167	0	1.854755	0	0	0	0	0	0	0	0	0	0	0	0	0	1.793395	0	1.62882	0	1.462425	0	1.47733	0	1.69167	0	1.854755	24.9479046214356	24.445895	8.13438382423898	0	8.13438382423898	10.0136790413848	8.13438382423898	11.4389245128324	21.3040596957136	14.5375	1	0.0164
"112"	0	0	0	0	2.33533255977101	0	0	0	0	5.99975	0	0	0	0	0	0	0	0	0	0	3.20286114	3.20286114	0	0	3.44186712	0	0	3.13015626	0	0	0.93	0	0	1.595	0	1.793395	0	1.62882	0	1.462425	0	1.47733	0	1.69167	0	1.854755	0	0	0	3.20286114	0	3.44186712	0	3.13015626	0	0.93	0	1.595	0	1.793395	0	1.62882	0	1.462425	0	1.47733	0	1.69167	0	1.854755	0	7.67156745884775	8.13394293708386	0	4.69207581708386	6.88298003560835	7.20394293708386	9.84330451812904	8.19164886637577	0	0	0.0164
"113"	8.6500341957606	0	0	0	0	6.047748	0	0	0	0	0	0	0	0	0	61.1629703262677	0	0	0	0	0	0	0	0	3.0194397	0	0	0	0	0	0	0	0	0	0	1.846815	0	1.679115	0	1.502195	0	1.51798	0	1.74105	0	1.905215	0	0	0	0	0	3.0194397	0	0	0	0	0	0	0	1.846815	0	1.679115	0	1.502195	0	1.51798	0	1.74105	0	1.905215	26.9303762610141	27.7493097	8.133502073825	0	1.67238180452579	6.88260697508499	7.20355248023109	9.84277100672611	24.9292111364445	14.5375	1	0.0138
"114"	0	0	0	0	1.85964400626259	0	0	0	0	6.047748	0	0	0	0	0	0	0	0	0	0	0	0	0	0	0	0	0	0	0	0	0	0	0	0	0	1.846815	0	1.679115	0	1.502195	0	1.51798	0	1.74105	0	1.905215	0	0	0	0	0	0	0	0	0	0	0	0	0	1.846815	0	1.679115	0	1.502195	0	1.51798	0	1.74105	0	1.905215	0	5.84858039969584	8.13306123446113	0	1.67229116070174	6.88223393478167	7.20316204454125	9.84223752423973	14.7354899623156	10.1929224608481	0	0.0138
"115"	0	0	0	0	0	0	0	0	0	6.047748	0	0	0	0	0	0	0	0	0	0	0	0	0	0	0	0	0	0	0	0	0	0	0	0	0	1.846815	0	1.679115	0	1.502195	0	1.51798	0	1.74105	0	1.905215	0	0	0	0	0	0	0	0	0	0	0	0	0	1.846815	0	1.679115	0	1.502195	0	1.51798	0	1.74105	0	1.905215	0	0	8.13262041899095	0	1.67220052179063	6.8818609146973	7.2027716300132	9.84170407066833	4.54232129232546	0	0	0.0138
"116"	12.9024974418605	0	0	0	0	6.047748	0	0	0	0	0	0	0	0	0	68.2504090697674	0	0	3.59637756	0	3.20286114	3.20286114	0	1.76975723220781	3.44186712	0	0	3.13015626	0	0	0.93	0	0	0.915	0	1.846815	0	1.679115	0	1.502195	0	1.51798	0	1.74105	0	1.905215	0	3.59637756	0	3.20286114	0	3.44186712	0	3.13015626	0	0.93	0	0.915	0	1.846815	0	1.679115	0	1.502195	0	1.51798	0	1.74105	0	1.905215	32.600327255814	39.94613208	4.53580206741316	0	0	3.75133165483078	6.27238123664578	8.92617064601035	21.9774139801342	14.5375	1	0.0138
"117"	4.28721071182041	0	0	0	0	6.215741	0	0	0	0	11.4970482881796	0	0	0	0	73.3333333333334	0	0	1.285	0	0	0	0	1.215	1.215	0	0	0	0	0	0	0	0	0	0	1.937085	0	1.762855	0	1.57277	0	1.58973	0	1.825685	0	1.99426	0	1.285	0	0	0	1.215	0	0	0	0	0	0	0	1.937085	0	1.762855	0	1.57277	0	1.58973	0	1.825685	0	1.99426	36.6666666666667	13.1831729388478	3.25055622496056	0	0	3.75112833101708	6.27204127084394	8.92568684366375	46.7455044613668	14.5375	1	0.0111
"118"	3.90554294079569	0	0	0	0	6.215741	0	0	0	0	6.70282573330842	0	0	0	0	64.7068494568402	0	8.48826996203358	0	0	11.3450909244355	0	0	11.584122814999	0	0	7.52145314429858	0	0	2.80028206080232	0	0	6.81063042641442	1.135	0	1.937085	0	1.762855	0	1.57277	0	1.58973	0	1.825685	0	1.99426	0	0	0	0	0	0	0	0	0	0	0	1.135	0	1.937085	0	1.762855	0	1.57277	0	1.58973	0	1.825685	0	1.99426	29.7654795654722	11.8181729388478	11.7386500054274	11.3450909244355	11.584122814999	11.2723781625222	9.07198338427071	14.6008334939539	17.2762160671025	14.5375	1	0.0111
"119"	0	0	0	0	0.699143064518072	0	0	0	0	6.215741	0	0	0	0	0	0	0	-1.12215463767689e-28	0	0	0	0	0	0	0	0	0	0	0	0	0	0	4.44089209850063e-16	3.04289532	0	1.937085	0	1.762855	0	1.57277	0	1.58973	0	1.825685	0	1.99426	0	0	0	0	0	0	0	0	0	0	0	3.04289532	0	1.937085	0	1.762855	0	1.57277	0	1.58973	0	1.825685	0	1.99426	0	2.12539491613494	11.7380137654715	11.3444760155536	11.5834949504842	11.2717671947037	9.07149167881003	11.5571468024031	6.59289468864808	2.93682665728718	0	0.0111
"120"	13.1578947368421	0	0	0	0	6.215741	0	0	0	0	0	0	0	0	0	68.9560595614035	0	0	3.59637756	0	0	3.20286114	0	0	3.44186712	0	0	3.13015626	0	0	0.93	0	0	3.4155204	0	1.937085	0	1.762855	0	1.57277	0	1.58973	0	1.825685	0	1.99426	0	3.59637756	0	3.20286114	0	3.44186712	0	3.13015626	0	0.93	0	3.4155204	0	1.937085	0	1.762855	0	1.57277	0	1.58973	0	1.825685	0	1.99426	33.1648476491228	40	8.141	8.141	8.141	8.141	8.141	8.141	29.075	14.5375	1	0.0111
"121"	0	0	0	0	0	0	0	0	0	6.623724	0	0	0	0	0	0	0	0	0	0	0	0.64	0	0	0	0	0	0	0	0	0	0	0	0	0	1.475025	0	1.317975	0	1.263625	0	1.283225	0	1.4638	0	1.613805	0	0	0	0.64	0	0	0	0	0	0	0	0	0	1.475025	0	1.317975	0	1.263625	0	1.283225	0	1.4638	0	1.613805	0	0	8.14055875424526	7.50055875424526	8.14055875424526	8.14055875424526	8.14055875424526	8.14055875424526	20.6559691223045	5.47925706115224	0	0.0209
"122"	0	0	0	0	3.94126317386437	0	0	0	0	6.623724	0	0	0	0	0	0	0	0	0	0	0	0	0	0	0	0	0	0	0	0	0	0	0	0	0	1.475025	0	1.317975	0	1.263625	0	1.283225	0	1.4638	0	1.613805	0	0	0	0	0	0	0	0	0	0	0	0	0	1.475025	0	1.317975	0	1.263625	0	1.283225	0	1.4638	0	1.613805	0	11.9814400485477	8.14011753240623	7.50015222068568	8.14011753240623	8.14011753240623	8.14011753240623	8.14011753240623	12.2373945597587	9.04294513157471	0	0.0209
"123"	0	0	0	0	0	0	0	0	0	6.623724	0	0	0	0	0	0	0	0	0	0	0	0	0	0	0	0	0	0.625	0	0	0	0	0	0	0	1.475025	0	1.317975	0	1.263625	0	1.283225	0	1.4638	0	1.613805	0	0	0	0	0	0	0	0.625	0	0	0	0	0	1.475025	0	1.317975	0	1.263625	0	1.283225	0	1.4638	0	1.613805	0	0	8.13967633448161	7.4997457091604	8.13967633448161	7.51467633448161	8.13967633448161	8.13967633448161	3.81927628763014	0	0	0.0209
"124"	8.83047020771513	0	0	0	0	6.623724	0	0	0	0	2.1521071843734	0	0	0	0	66.0105023201476	0	0	0	-8.88178419700125e-16	-8.88178419700125e-16	3.20286114	0	0	0	8.88178419700125e-16	0	0.625	0	0	0	0	0	0	0	1.475025	0	1.317975	0	1.263625	0	1.283225	0	1.4638	0	1.613805	0	0	0	3.20286114	0	0	0	0.625	0	0	0	0	0	1.475025	0	1.317975	0	1.263625	0	1.283225	0	1.4638	0	1.613805	30.8084018561181	26.78281614	8.13923516047012	4.29647807966822	8.13923516047012	6.88926903574302	8.13923516047012	8.13923516047012	26.2100161373057	14.5375	1	0.0209
"125"	0	0	0	0	0	0	0	0	0	6.359735	0	0	0	0	0	0	0	0	0	0	0	0	0	0	0	0	0	0	0	0	0	0	0	0	0	1.54193	0	1.38107	0	1.30611	0	1.327025	0	1.513705	0	1.665885	0	0	0	0	0	0	0	0	0	0	0	0	0	1.54193	0	1.38107	0	1.30611	0	1.327025	0	1.513705	0	1.665885	0	0	8.13879401037045	4.29624520868026	8.13879401037045	6.88889563435311	8.13879401037045	8.13879401037045	17.4728705429866	5.80098706115225	0	0.0181
"126"	0	0	0	0	0.95016262702475	0	0	0	0	6.359735	0	0	0	0	0	0	0	0	0	0	0	0	0	0	0	0	0	0	0	0	0	0	0	0	0	1.54193	0	1.38107	0	1.30611	0	1.327025	0	1.513705	0	1.665885	0	0	0	0	0	0	0	0	0	0	0	0	0	1.54193	0	1.38107	0	1.30611	0	1.327025	0	1.513705	0	1.665885	0	2.93505235487945	8.13835288418131	4.29601235031401	8.13835288418131	6.88852225320171	8.13835288418131	8.13835288418131	8.73619850577365	0	0	0.0181
"127"	0	0	0	0	2.95011818468326	0	0	0	0	6.359735	0	0	0	0	0	0	0	0	0	0	0	0	0	0	0	0	0	0.625	0	0	0	0	0	0	0	1.54193	0	1.38107	0	1.30611	0	1.327025	0	1.513705	0	1.665885	0	0	0	0	0	0	0	0.625	0	0	0	0	0	1.54193	0	1.38107	0	1.30611	0	1.327025	0	1.513705	0	1.665885	0	9.360725	8.1379117819014	4.29577950456878	8.1379117819014	6.26314889228773	8.1379117819014	8.1379117819014	0	0	0	0.0181
"128"	8.35679498612396	0	0	0	0	6.359735	0	0	0	0	7.28347001387606	0	0	0	0	73.3333333333334	0	0	0	0	0	3.20286114	0	0	0	0	0.372901878660474	0.625	0	0	0	0	0	0	0	1.54193	0	1.38107	0	1.30611	0	1.327025	0	1.513705	0	1.665885	0	0	0	3.20286114	0	0	0	0.625	0	0	0	0	0	1.54193	0	1.38107	0	1.30611	0	1.327025	0	1.513705	0	1.665885	36.6666666666667	27.10108614	8.13747070352942	1.09268553144389	8.13747070352942	6.01071130554346	8.13747070352942	8.13747070352942	27.5580397880062	14.5375	1	0.0181
"129"	0	0	0	0	0	0	0	0	0	6.167743	0	0	0	0	0	0	0	0	0	0	0	0	0	0	0	0	0	0	0	0	0	0	0	0	0	1.56118	0	1.400275	0	1.310735	0	1.33274	0	1.522875	0	1.673925	0	0	0	0	0	0	0	0	0	0	0	0	0	1.56118	0	1.400275	0	1.310735	0	1.33274	0	1.522875	0	1.673925	0	0	8.13702964906409	1.09262630741097	8.13702964906409	6.01038552236614	8.13702964906409	8.13702964906409	18.7548161302166	5.73498206115225	0	0.016
"130"	-9.86076131526265e-32	0	0	0	0.929693476016863	0	0	0	0	6.167743	0	0	0	0	0	0	0	0	0	0	0	0	0	0	0	0	0	0	0	0	0	0	0	0	0	1.56118	0	1.400275	0	1.310735	0	1.33274	0	1.522875	0	1.673925	0	0	0	0	0	0	0	0	0	0	0	0	0	1.56118	0	1.400275	0	1.310735	0	1.33274	0	1.522875	0	1.673925	0	3.06705877737963	8.1365886185041	1.09256708658802	8.1365886185041	6.01005975684641	8.1365886185041	8.1365886185041	9.95206961099309	0	0	0.016
"131"	7.07463776902092	0	0	0	0	6.167743	0	0	0	0	8.38693255526045	0	0	0	0	72.7155222071356	0	0	0	0	0	0	0	0	0	0	0	0	0	0	0	0	0	0	0	1.56118	0	1.400275	0	1.310735	0	1.33274	0	1.522875	0	1.673925	0	0	0	0	0	0	0	0	0	0	0	0	0	1.56118	0	1.400275	0	1.310735	0	1.33274	0	1.522875	0	1.673925	36.1724177657085	23.33923	8.13614761184816	1.09250786897486	8.13614761184816	6.00973400898332	8.13614761184816	8.13614761184816	37.3222179701831	14.5375	1	0.016
"132"	0	0	0	0	0.179374726708984	0	0	0	0	6.167743	0	0	0	0	0	0	0	0	0	0	2.11041248542868	3.20286114	0	0	0	0	0	3.13015626	0	0	0	0	0	0	0	1.56118	0	1.400275	0	1.310735	0	1.33274	0	1.522875	0	1.673925	0	0	0	3.20286114	0	0	0	3.13015626	0	0	0	0	0	1.56118	0	1.400275	0	1.310735	0	1.33274	0	1.522875	0	1.673925	0	0.598035338847754	8.13570662909498	0	8.13570662909498	2.8792520187759	8.13570662909498	8.13570662909498	26.4080526042438	0	0	0.016
"133"	0	0	0	0	2.63445974259204	0	0	0	0	6.071747	0	0	0	0	0	0	0	0	0	0	0	0	0	0	0	0	0	0	0	0	0	0	0	0	0	1.56118	0	1.400275	0	1.310735	0	1.33274	0	1.522875	0	1.673925	0	0	0	0	0	0	0	0	0	0	0	0	0	1.56118	0	1.400275	0	1.310735	0	1.33274	0	1.522875	0	1.673925	0	8.80173	8.13526567024325	0	8.13526567024325	2.87909596205926	8.13526567024325	8.13526567024325	17.6048912762617	0	0	0.0164
"134"	0	0	0	0	5.05714940633938	0	0	0	0	6.071747	0	0	0	0	0	0	0	0	0	0	0	0	0	0	0	0	0	0	0	0	0	0	0	0	0	1.56118	0	1.400275	0	1.310735	0	1.33274	0	1.522875	0	1.673925	0	0	0	0	0	0	0	0	0	0	0	0	0	1.56118	0	1.400275	0	1.310735	0	1.33274	0	1.522875	0	1.673925	0	17.6039370834674	8.13482473529168	0	8.13482473529168	2.87893991380097	8.13482473529168	8.13482473529168	8.80220708346738	8.80220708346738	0	0.0164
"135"	0	0	0	0	0	0	0	0	0	6.071747	0	0	0	0	0	0	0	0	0	0	0	0	0	0	0	0	0	0	0	0	0	0	0	0	0	1.56118	0	1.400275	0	1.310735	0	1.33274	0	1.522875	0	1.673925	0	0	0	0	0	0	0	0	0	0	0	0	0	1.56118	0	1.400275	0	1.310735	0	1.33274	0	1.522875	0	1.673925	0	0	8.13438382423898	0	8.13438382423898	2.87878387400056	8.13438382423898	8.13438382423898	0	0	0	0.0164
"136"	10.9608897534247	0	0	0	0	6.071747	0	0	0	0	0	0	0	0	0	65.0543945890411	0	0	1.02	0	3.20286114	3.20286114	0	0	0.92	0	0.251528417342419	3.13015626	0	0	3.47927544	0	0	0.915	0	1.56118	0	1.400275	0	1.310735	0	1.33274	0	1.522875	0	1.673925	0	1.02	0	3.20286114	0	0.92	0	3.13015626	0	3.47927544	0	0.915	0	1.56118	0	1.400275	0	1.310735	0	1.33274	0	1.522875	0	1.673925	30.0435156712329	36.00652284	7.11394293708386	0	7.21394293708386	0	4.65466749708385	7.21894293708386	17.7873961138905	14.5375	1	0.0164
"137"	0	0	0	0	1.01300497758792	0	0	0	0	6.095746	0	0	0	0	0	0	0	0	0	0	0	0	0	0	0	0	0	0	0	0	0	0	0	0	0	1.583725	0	1.42137	0	1.32231	0	1.344485	0	1.53442	0	1.686665	0	0	0	0	0	0	0	0	0	0	0	0	0	1.583725	0	1.42137	0	1.32231	0	1.344485	0	1.53442	0	1.686665	0	3.24971996810204	7.11355735827038	0	7.21355193822672	0	4.65441521207307	7.21855166722454	8.89345702925429	8.89345702925429	0	0.0138
"138"	0	0	0	0	0	0	0	0	0	6.095746	0	0	0	0	0	0	0	0	0	0	0	0	0	0	0	0	0	0	0	0	0	0	0	0	0	1.583725	0	1.42137	0	1.32231	0	1.344485	0	1.53442	0	1.686665	0	0	0	0	0	0	0	0	0	0	0	0	0	1.583725	0	1.42137	0	1.32231	0	1.344485	0	1.53442	0	1.686665	0	0	7.11317180035545	0	7.21316096056189	0	4.65416294073624	7.21816041857221	0	0	0	0.0138
"139"	7.55091040928134	0	0	0	0	6.095746	0	0	0	0	8.35334359071868	0	0	0	0	73.3333333333334	0	0	0	0	0	0	0	0	0	0	0	0	0	0	0	0	0	0	0	1.583725	0	1.42137	0	1.32231	0	1.344485	0	1.53442	0	1.686665	0	0	0	0	0	0	0	0	0	0	0	0	0	1.583725	0	1.42137	0	1.32231	0	1.344485	0	1.53442	0	1.686665	36.6666666666667	23.430475	7.11278626333793	0	7.21277000408822	0	4.65391068307262	7.21776919112574	27.7736916666667	14.5375	1	0.0138
"140"	6.97291921797408	0	0	0	0	6.095746	0	0	0	0	8.93133478202594	0	0	0	0	73.3333333333334	0	0	3.59637756	0	3.20286114	3.20286114	0	0	0.92	0	3.13015626	3.13015626	0	3.33066907387547e-16	0.93	0	0	0.915	0	1.583725	0	1.42137	0	1.32231	0	1.344485	0	1.53442	0	1.686665	0	3.59637756	0	3.20286114	0	0.92	0	3.13015626	0	0.93	0	0.915	0	1.583725	0	1.42137	0	1.32231	0	1.344485	0	1.53442	0	1.686665	36.6666666666667	21.5881578988478	3.51602318721668	0	6.29237906880457	0	3.72365843908148	6.30237798488396	49.2128605871178	14.5375	1	0.0138
"141"	0	0	0	0	0	0	0	0	0	6.215741	0	0	0	0	0	0	0	11.333523062645	3.1100694	0	11.3457058666475	0	0	0	0	0	0	0	0	0	0	0	0	0	0	1.5961	0	1.433175	0	1.33156	0	1.353625	0	1.54417	0	1.69716	0	3.1100694	0	0	0	0	0	0	0	0	0	0	0	1.5961	0	1.433175	0	1.33156	0	1.353625	0	1.54417	0	1.69716	0	0	11.7392862798697	11.3457058666475	6.29203801911149	0	3.72345661516816	6.30203639324527	17.5751742992928	2.47085266115225	0	0.0111
"142"	5.10289051360877	0	0	0	0	6.215741	0	0	0	0	4.94879987109707	0	0	0	0	63.7790523078431	0	0	0	0	0	0	0	0	0	0	0	0	0	0	0	0	0	0	0	1.5961	0	1.433175	0	1.33156	0	1.353625	0	1.54417	0	1.69716	0	0	0	0	0	0	0	0	0	0	0	0	0	1.5961	0	1.433175	0	1.33156	0	1.353625	0	1.54417	0	1.69716	29.0232418462745	15.4413466941801	11.7386500054274	11.3450909244355	6.29169698790346	0	3.72325480219378	6.30169482012099	37.641673563446	8.95627543403926	1	0.0111
"143"	1.97215226305253e-31	0	0	0	0	0	0	0	0	6.215741	0	0	0	0	0	0	0	0	0	0	0	0	0	0	0	0	0	0	0	0	0	0	0	0	0	1.5961	0	1.433175	0	1.33156	0	1.353625	0	1.54417	0	1.69716	0	0	0	0	0	0	0	0	0	0	0	0	0	1.5961	0	1.433175	0	1.33156	0	1.353625	0	1.54417	0	1.69716	0	7.88860905221012e-31	11.7380137654715	11.3444760155536	6.29135597517946	0	3.72305300015776	6.30135326551012	28.6838433683028	0	0	0.0111
"144"	11.9038437368421	0	0	0	0	6.215741	0	0	0	0	0	0	0	0	0	66.8659745614035	0	0	3.59637756	0	0	3.20286114	0	2.76998501906149	0.92	0	11.27115626	3.13015626	0	5.34814879094051	0.93	0	2.75498827058833	0.915	0	1.5961	0	1.433175	0	1.33156	0	1.353625	0	1.54417	0	1.69716	0	3.59637756	0	3.20286114	0	0.92	0	3.13015626	0	0.93	0	0.915	0	1.5961	0	1.433175	0	1.33156	0	1.353625	0	1.54417	0	1.69716	31.4927796491228	36.18768496	8.141	8.141	8.141	8.141	8.141	8.141	29.075	14.5375	1	0.0111
"145"	0	0	0	0	0	0	0	0	0	6.647723	0	0	0	0	0	0	0	0	0	0	0	0	0	0	0	0	0	0	0	0	0	0	0	0	0	1.992515	0	1.79712	0	1.69154	0	1.716745	0	1.986485	0	2.16732	0	0	0	0	0	0	0	0	0	0	0	0	0	1.992515	0	1.79712	0	1.69154	0	1.716745	0	1.986485	0	2.16732	0	0	8.14055875424526	8.14055875424526	8.14055875424526	8.14055875424526	8.14055875424526	8.14055875424526	17.7216991223045	3.18498706115225	0	0.0209
"146"	0	0	0	0	2.68648373899249	0	0	0	0	6.647723	0	0	0	0	0	0	0	0	0	0	0	0	0	0	0	0	0	0	0	0	0	0	0	0	0	1.992515	0	1.79712	0	1.69154	0	1.716745	0	1.986485	0	2.16732	0	0	0	0	0	0	0	0	0	0	0	0	0	1.992515	0	1.79712	0	1.69154	0	1.716745	0	1.986485	0	2.16732	0	8.16691056653718	8.14011753240623	8.14011753240623	8.14011753240623	8.14011753240623	8.14011753240623	8.14011753240623	6.36901359847394	0	0	0.0209
"147"	8.51619243421053	0	0	0	0	6.647723	0	0	0	0	6.83608456578949	0	0	0	0	73.3333333333334	0	0	0	0	0	0	0	0	0	0	0	0	0	0	0	0	0	0	0	1.992515	0	1.79712	0	1.69154	0	1.716745	0	1.986485	0	2.16732	0	0	0	0	0	0	0	0	0	0	0	0	0	1.992515	0	1.79712	0	1.69154	0	1.716745	0	1.986485	0	2.16732	36.6666666666667	25.889225	8.13967633448161	8.13967633448161	8.13967633448161	8.13967633448161	8.13967633448161	8.13967633448161	31.6836100618226	14.5375	1	0.0209
"148"	4.09166269002564	0	0	0	0	6.647723	0	0	0	0	3.7090069124556	0	0	0	0	60.7473210041354	0	0	0	0	0	0.64	0	0	0	0	0	0.4175	0	0	0	0	0	0	0	1.992515	0	1.79712	0	1.69154	0	1.716745	0	1.986485	0	2.16732	0	0	0	0.64	0	0	0	0.4175	0	0	0	0	0	1.992515	0	1.79712	0	1.69154	0	1.716745	0	1.986485	0	2.16732	26.5978568033083	12.4100129388478	8.13923516047012	7.49923516047012	8.13923516047012	7.72173516047012	8.13923516047012	8.13923516047012	46.928024599631	14.5375	1	0.0209
"149"	0	0	0	0	0	0	0	0	0	6.335736	0	0	0	0	0	0	0	0	0	0	0	0.51	0	0	0	0	0	0	0	0	0	0	0	0	0	2.00787	0	1.81806	0	1.691045	0	1.71683	0	1.980955	0	2.158205	0	0	0	0.51	0	0	0	0	0	0	0	0	0	2.00787	0	1.81806	0	1.691045	0	1.71683	0	1.980955	0	2.158205	0	0	8.13879401037045	6.9888286986499	8.13879401037045	7.72131663905275	8.13879401037045	8.13879401037045	35.5525160802067	2.65374706115225	0	0.0181
"150"	0	0	0	0	2.82271342605931	0	0	0	0	6.335736	0	0	0	0	0	0	0	0	0	0	0	0	0	0	0	0	0	0	0	0	0	0	0	0	0	2.00787	0	1.81806	0	1.691045	0	1.71683	0	1.980955	0	2.158205	0	0	0	0	0	0	0	0	0	0	0	0	0	2.00787	0	1.81806	0	1.691045	0	1.71683	0	1.980955	0	2.158205	0	8.71936177309722	8.13835288418131	6.98844990108279	8.13835288418131	7.72089814031942	8.13835288418131	8.13835288418131	24.1776241183113	0	0	0.0181
"151"	0	0	0	0	3.58429404349196	0	0	0	0	6.335736	0	0	0	0	0	0	0	0	0	0	0	0	0	0	0	0	0	0	0	0	0	0	0	0	0	2.00787	0	1.81806	0	1.691045	0	1.71683	0	1.980955	0	2.158205	0	0	0	0	0	0	0	0	0	0	0	0	0	2.00787	0	1.81806	0	1.691045	0	1.71683	0	1.980955	0	2.158205	0	11.372965	8.1379117819014	6.98807112404666	8.1379117819014	7.72047966426891	8.1379117819014	8.1379117819014	12.803348680527	0	0	0.0181
"152"	9.10602101140919	0	0	0	0	6.335736	0	0	0	0	6.55824298859083	0	0	0	0	73.3333333333334	0	0	0	0	0	3.20286114	0	0	0	0	0	0.4175	0	0	0	0	0	0	0	2.00787	0	1.81806	0	1.691045	0	1.71683	0	1.980955	0	2.158205	0	0	0	3.20286114	0	0	0	0.4175	0	0	0	0	0	2.00787	0	1.81806	0	1.691045	0	1.71683	0	1.980955	0	2.158205	36.6666666666667	29.53082614	8.13747070352942	3.78483122754042	8.13747070352942	7.30256121089998	8.13747070352942	8.13747070352942	38.0963564001047	14.5375	1	0.0181
"153"	0	0	0	0	0	0	0	0	0	6.167743	0	0	0	0	0	0	0	0	0	0	0	0	0	0	0	0	0	0	0	0	0	0	0	0	0	2.00787	0	1.81806	0	1.691045	0	1.71683	0	1.980955	0	2.158205	0	0	0	0	0	0	0	0	0	0	0	0	0	2.00787	0	1.81806	0	1.691045	0	1.71683	0	1.980955	0	2.158205	0	0	8.13702964906409	3.78462608803525	8.13702964906409	7.30216540889371	8.13702964906409	8.13702964906409	26.7213265609531	3.16374706115225	0	0.016
"154"	0	0	0	0	5.93603239418033	0	0	0	0	6.167743	0	0	0	0	0	0	0	0	0	0	0	0	0	0	0	0	0	0	0	0	0	0	0	0	0	2.00787	0	1.81806	0	1.691045	0	1.71683	0	1.980955	0	2.158205	0	0	0	0	0	0	0	0	0	0	0	0	0	2.00787	0	1.81806	0	1.691045	0	1.71683	0	1.980955	0	2.158205	0	19.5829708684009	8.1365886185041	3.78442095964873	8.1365886185041	7.30176962834008	8.1365886185041	8.1365886185041	15.3469132533857	11.373581453081	0	0.016
"155"	0	0	0	0	0	0	0	0	0	6.167743	0	0	0	0	0	0	0	0	0	0	3.9731164439862	0	0	0	0	0	0	0	0	0	0	0	0	0	0	2.00787	0	1.81806	0	1.691045	0	1.71683	0	1.980955	0	2.158205	0	0	0	0	0	0	0	0	0	0	0	0	0	2.00787	0	1.81806	0	1.691045	0	1.71683	0	1.980955	0	2.158205	0	0	8.13614761184816	7.75733228636647	8.13614761184816	7.30137386923793	8.13614761184816	8.13614761184816	0	0	0	0.016
"156"	8.91971389922016	0	0	0	0	6.167743	0	0	0	0	6.91254310077987	0	0	0	0	73.3333333333334	0	0	0	0	0	3.20286114	0	0	0	0	0	0.625	0	0	0	0	0	0	0	2.00787	0	1.81806	0	1.691045	0	1.71683	0	1.980955	0	2.158205	0	0	0	3.20286114	0	0	0	0.625	0	0	0	0	0	2.00787	0	1.81806	0	1.691045	0	1.71683	0	1.980955	0	2.158205	36.6666666666667	29.73832614	8.13570662909498	4.55405069556933	8.13570662909498	6.6759781315861	8.13570662909498	8.13570662909498	25.2937016666667	14.5375	1	0.016
"157"	0	0	0	0	0	0	0	0	0	6.071747	0	0	0	0	0	0	0	0	0	0	0	0	0	0	0	0	0	0	0	0	0	0	0	0	0	1.88001	0	1.696805	0	1.576915	0	1.60297	0	1.846065	0	2.016715	0	0	0	0	0	0	0	0	0	0	0	0	0	1.88001	0	1.696805	0	1.576915	0	1.60297	0	1.846065	0	2.016715	0	0	8.13526567024325	4.55380386403312	8.13526567024325	6.67561629065632	8.13526567024325	8.13526567024325	14.672850736992	3.91723206115225	0	0.0164
"158"	0	0	0	0	1.92544103836137	0	0	0	0	6.071747	0	0	0	0	0	0	0	0	0	0	0	0	0	0	0	0	0	0	0	0	0	0	0	0	0	1.88001	0	1.696805	0	1.576915	0	1.60297	0	1.846065	0	2.016715	0	0	0	0	0	0	0	0	0	0	0	0	0	1.88001	0	1.696805	0	1.576915	0	1.60297	0	1.846065	0	2.016715	0	6.70246025453592	8.13482473529168	4.55355704587529	8.13482473529168	6.67525446933848	8.13482473529168	8.13482473529168	4.05257546207515	0	0	0.0164
"159"	7.42093805309734	0	0	0	0	6.071747	0	0	0	0	8.50731494690268	0	0	0	0	73.3333333333334	0	0	0	0	0	0	0	0	0	0	0	0	0	0	0	0	0	0	0	1.88001	0	1.696805	0	1.576915	0	1.60297	0	1.846065	0	2.016715	0	0	0	0	0	0	0	0	0	0	0	0	0	1.88001	0	1.696805	0	1.576915	0	1.60297	0	1.846065	0	2.016715	36.6666666666667	25.15698	8.13438382423898	4.5533102410951	8.13438382423898	6.67489266763151	8.13438382423898	8.13438382423898	30.0995424773823	14.5375	1	0.0164
"160"	0	0	0	0	1.58219062369795	0	0	0	0	6.071747	0	0	0	0	0	0	0	0	0	0	0	3.20286114	0	0	3.44186712	0	0	0.625	0	0	0.93	0	0	0.915	0	1.88001	0	1.696805	0	1.576915	0	1.60297	0	1.846065	0	2.016715	0	0	0	3.20286114	0	3.44186712	0	0.625	0	0.93	0	0.915	0	1.88001	0	1.696805	0	1.576915	0	1.60297	0	1.846065	0	2.016715	0	5.19749619884775	8.13394293708386	1.35020230969185	4.69207581708386	6.04953088553435	7.20394293708386	7.21894293708386	19.4784310690371	0	0	0.0164
"161"	7.84195137157107	0	0	0	0	6.143744	0	0	0	0	8.01430462842895	0	0	0	0	73.3333333333334	0	0	0	0	0	0	0	0	0	0	0	0	0	0	0	0	0	0	0	1.88001	0	1.696805	0	1.576915	0	1.60297	0	1.846065	0	2.016715	0	0	0	0	0	0	0	0	0	0	0	0	0	1.88001	0	1.696805	0	1.576915	0	1.60297	0	1.846065	0	2.016715	36.6666666666667	25.15698	8.133502073825	1.3501291281371	4.69182150452579	6.04920299831885	7.20355248023109	7.21855166722454	45.5245619962347	14.5375	1	0.0138
"162"	0	0	0	0	0	0	0	0	0	6.143744	0	0	0	0	0	0	0	0	0	0	0	0	0	0	0	0	0	0	0	0	0	0	0	0	0	1.88001	0	1.696805	0	1.576915	0	1.60297	0	1.846065	0	2.016715	0	0	0	0	0	0	0	0	0	0	0	0	0	1.88001	0	1.696805	0	1.576915	0	1.60297	0	1.846065	0	2.016715	0	0	8.13306123446113	1.35005595054883	4.69156720575157	6.04887512887497	7.20316204454125	7.21816041857221	34.9026145450963	3.91723206115225	0	0.0138
"163"	7.14468586997612	0	0	0	0	6.143744	0	0	0	0	8.7115701300239	0	0	0	0	73.3333333333334	0	0	0	0	0	0	0	5.29219289645264	0	0	0	0	0	0	0.93	0	0	0	0	1.88001	0	1.696805	0	1.576915	0	1.60297	0	1.846065	0	2.016715	0	0	0	0	0	0	0	0	0	0.93	0	0	0	1.88001	0	1.696805	0	1.576915	0	1.60297	0	1.846065	0	2.016715	36.6666666666667	22.1699602545359	8.13262041899095	1.34998277692681	9.9835058172131	6.04854727720177	6.2727716300132	7.21776919112574	55.6557165783619	14.5375	1	0.0138
"164"	0	0	0	0	5.2520095520849	0	0	0	0	6.143744	0	0	0	0	0	0	0	0	3.02831412	0	1.85295153272917	3.20286114	0	0	0.92	0	0	0.4175	0	0	1.115	0	0	0.915	0	1.88001	0	1.696805	0	1.576915	0	1.60297	0	1.846065	0	2.016715	0	3.02831412	0	3.20286114	0	0.92	0	0.4175	0	1.115	0	0.915	0	1.88001	0	1.696805	0	1.576915	0	1.60297	0	1.846065	0	2.016715	0	16.2602215732548	5.10386550741316	0	9.06296470683854	5.63071944329826	5.15743164305186	6.30237798488396	43.1802684814923	10.5787783744071	0	0.0138
"165"	0	0	0	0	0	0	0	0	0	6.407733	0	0	0	0	0	0	0	0	0	0	0	0	0	0	0	0	0	0	0	0	0.224	0	0	0	0	1.840925	0	1.657395	0	1.53491	0	1.561005	0	1.794655	0	1.965315	0	0	0	0	0	0	0	0	0	0.224	0	0	0	1.840925	0	1.657395	0	1.53491	0	1.561005	0	1.794655	0	1.965315	0	0	5.10358887567407	0	9.06247349019411	5.6304142558458	4.93315210800483	6.30203639324527	32.8237230920861	0	0	0.0111
"166"	6.843678530354	0	0	0	0	6.407733	0	0	0	0	0	0	0	0	0	58.75235255059	0	0	0	0	0	0	0	0	0	0	0	0	0	0	0	0	0	0	0	1.840925	0	1.657395	0	1.53491	0	1.561005	0	1.794655	0	1.965315	0	0	0	0	0	0	0	0	0	0	0	0	0	1.840925	0	1.657395	0	1.53491	0	1.561005	0	1.794655	0	1.965315	25.001882040472	20.7089712328512	5.10331225892854	0	9.06198230017384	5.63010908493463	4.93288472900653	6.30169482012099	47.4696210724341	10.3547662328512	1	0.0111
"167"	0	0	0	0	0	0	0	0	0	6.407733	0	0	0	0	0	0	0	0	0	0	0	0	0	0	0	0	0	0	0	0	0	0	0	0	0	1.840925	0	1.657395	0	1.53491	0	1.561005	0	1.794655	0	1.965315	0	0	0	0	0	0	0	0	0	0	0	0	0	1.840925	0	1.657395	0	1.53491	0	1.561005	0	1.794655	0	1.965315	0	0	5.10303565717576	0	9.06149113677629	5.62980393056386	4.93261736450029	6.30135326551012	37.1128431982445	0	0	0.0111
"168"	12.0884347302632	0	0	0	0	6.407733	0	0	0	0	0	0	0	0	0	67.4936128837719	0	4.23324092958508	1.195	0	11.34386114	3.20286114	0	0	0.92	0	3.97650120726742	1.465	0	6.68792542551468	3.47927544	0	3.43498827058833	1.595	0	1.840925	0	1.657395	0	1.53491	0	1.561005	0	1.794655	0	1.965315	0	1.195	0	3.20286114	0	0.92	0	1.465	0	3.47927544	0	1.595	0	1.840925	0	1.657395	0	1.53491	0	1.561005	0	1.794655	0	1.965315	31.9948903070175	36.74884158	8.141	8.141	8.141	8.141	8.141	8.141	29.075	14.5375	1	0.0111
"169"	0	0	0	0	0	0	0	0	0	6.791717	0	0	0	0	0	0	0	0	0	0	0	0	0	0	0	0	0	0	0	0	0	0	0	0	0	1.88277	0	1.714555	0	1.55612	0	1.57769	0	1.80046	0	1.96855	0	0	0	0	0	0	0	0	0	0	0	0	0	1.88277	0	1.714555	0	1.55612	0	1.57769	0	1.80046	0	1.96855	0	0	8.14055875424526	8.14055875424526	8.14055875424526	8.14055875424526	8.14055875424526	8.14055875424526	18.5732791223045	4.03656706115224	0	0.0209
"170"	0	0	0	0	2.12624892188981	0	0	0	0	6.791717	0	0	0	0	0	0	0	0	0	0	0	0	0	0	0	0	0	0	0	0	0	0	0	0	0	1.88277	0	1.714555	0	1.55612	0	1.57769	0	1.80046	0	1.96855	0	0	0	0	0	0	0	0	0	0	0	0	0	1.88277	0	1.714555	0	1.55612	0	1.57769	0	1.80046	0	1.96855	0	6.46379672254503	8.14011753240623	8.14011753240623	8.14011753240623	8.14011753240623	8.14011753240623	8.14011753240623	8.07212744246609	0	0	0.0209
"171"	7.60228277477066	0	0	0	0	6.791717	0	0	0	0	7.60600022522936	0	0	0	0	73.3333333333334	0	0	0	0	-8.88226561967625e-16	0	0	0	0	0	0	0.625	0	0	0	0	8.14232366551839	0	0	1.88277	0	1.714555	0	1.55612	0	1.57769	0	1.80046	0	1.96855	0	0	0	0	0	0	0	0.625	0	0	0	0	0	1.88277	0	1.714555	0	1.55612	0	1.57769	0	1.80046	0	1.96855	36.6666666666667	23.1109396353028	8.13967633448161	8.13967633448161	8.13967633448161	7.51467633448161	8.13967633448161	16.282	26.0958879307824	11.9857946353028	1	0.0209
"172"	0	0	0	0	0	0	0	0	0	6.791717	0	0	0	0	0	0	0	0	0	0	0	0.64	0	0	0	0	0	0.845	0	0	0	0	0	0	0	1.88277	0	1.714555	0	1.55612	0	1.57769	0	1.80046	0	1.96855	0	0	0	0.64	0	0	0	0.845	0	0	0	0	0	1.88277	0	1.714555	0	1.55612	0	1.57769	0	1.80046	0	1.96855	0	0	8.13923516047012	7.49923516047012	8.13923516047012	6.66926903574302	8.13923516047012	16.2811175084905	15.5943285222618	0	0	0.0209
"173"	8.25703618421053	0	0	0	0	6.527728	0	0	0	0	7.2152358157895	0	0	0	0	73.3333333333334	0	0	0	0	0	0	0	0	0	0	0	0	0	0	0	0	0	0	0	1.90052	0	1.73178	0	1.56211	0	1.58384	0	1.808145	0	1.977495	0	0	0	0	0	0	0	0	0	0	0	0	0	1.90052	0	1.73178	0	1.56211	0	1.58384	0	1.808145	0	1.977495	36.6666666666667	25.10139	8.13879401037045	7.4988286986499	8.13879401037045	6.66890755844917	8.13879401037045	16.2802350648125	41.6962599695134	14.5375	1	0.0181
"174"	0	0	0	0	0	0	0	0	0	6.527728	0	0	0	0	0	0	0	0	0	0	0	0	0	0	0	0	0	0	0	0	0	0	0	0	0	1.90052	0	1.73178	0	1.56211	0	1.58384	0	1.808145	0	1.977495	0	0	0	0	0	0	0	0	0	0	0	0	0	1.90052	0	1.73178	0	1.56211	0	1.58384	0	1.808145	0	1.977495	0	0	8.13835288418131	7.49842225886009	8.13835288418131	6.66854610074754	8.13835288418131	16.2793526689632	31.1301100140165	3.97282206115224	0	0.0181
"175"	0	0	0	0	2.07730326742458	0	0	0	0	6.527728	0	0	0	0	0	0	0	0	0	0	0	0	0	0	0	0	0	0	0	0	0	0	0	0	0	1.90052	0	1.73178	0	1.56211	0	1.58384	0	1.808145	0	1.977495	0	0	0	0	0	0	0	0	0	0	0	0	0	1.90052	0	1.73178	0	1.56211	0	1.58384	0	1.808145	0	1.977495	0	6.59128326753819	8.1379117819014	7.4980158410995	8.1379117819014	6.66818466263708	8.1379117819014	16.2784703209402	20.5645327484609	0	0	0.0181
"176"	8.90272780141844	0	0	0	0	6.527728	0	0	0	0	6.56954419858158	0	0	0	0	73.3333333333334	0	0	0	0	-5.55111512312578e-16	0.64	0	0	0	0	1.77635683940025e-15	3.13015626	0	0	0	0	0	0	0	1.90052	0	1.73178	0	1.56211	0	1.58384	0	1.808145	0	1.977495	0	0	0	0.64	0	0	0	3.13015626	0	0	0	0	0	1.90052	0	1.73178	0	1.56211	0	1.58384	0	1.808145	0	1.977495	36.6666666666667	28.87154626	8.13747070352942	6.85760944536693	8.13747070352942	3.53766698411673	8.13747070352942	16.2775880207409	46.6661948084732	14.5375	1	0.0181
"177"	0	0	0	0	0	0	0	0	0	6.335736	0	0	0	0	0	0	0	0	0	0	0	0	0	0	0	0	0	0	0	0	0	0	0.00529423163738585	0	0	1.90052	0	1.73178	0	1.56211	0	1.58384	0	1.808145	0	1.977495	0	0	0	0	0	0	0	0	0	0	0	0	0	1.90052	0	1.73178	0	1.56211	0	1.58384	0	1.808145	0	1.977495	0	0	8.13702964906409	6.85723775994063	8.13702964906409	3.53747524102148	8.13702964906409	16.282	36.0944812487005	3.97282206115224	0	0.016
"178"	0	0	0	0	1.99796400955992	0	0	0	0	6.335736	0	0	0	0	0	0	0	0	0	0	9.42513390534015	0	0	0	0	0	0	0	0	0	0	0	0.000882491509486272	0	0	1.90052	0	1.73178	0	1.56211	0	1.58384	0	1.808145	0	1.977495	0	0	0	0	0	0	0	0	0	0	0	0	0	1.90052	0	1.73178	0	1.56211	0	1.58384	0	1.808145	0	1.977495	0	6.59128326753819	8.1365886185041	16.282	8.1365886185041	3.53728350831879	8.1365886185041	16.282	16.1026185152067	0	0	0.016
"179"	7.80278569263413	0	0	0	0	6.335736	0	0	0	0	7.86147830736589	0	0	0	0	73.3333333333334	0	0	0	0	0	0.64	0	0	0	0	0	0	0	0	0	0	0	0	0	1.90052	0	1.73178	0	1.56211	0	1.58384	0	1.808145	0	1.977495	0	0	0	0.64	0	0	0	0	0	0	0	0	0	1.90052	0	1.73178	0	1.56211	0	1.58384	0	1.808145	0	1.977495	36.6666666666667	25.74139	8.13614761184816	15.6411175084905	8.13614761184816	3.53709178600809	8.13614761184816	16.2811175084905	42.2045224129187	14.5375	1	0.016
"180"	0	0	0	0	0	0	0	0	0	6.335736	0	0	0	0	0	0	0	0	0	0	0	0.64	0	0	0	0	0	3.13015626	0	0	0	0	0	0	0	1.90052	0	1.73178	0	1.56211	0	1.58384	0	1.808145	0	1.977495	0	0	0	0.64	0	0	0	3.13015626	0	0	0	0	0	1.90052	0	1.73178	0	1.56211	0	1.58384	0	1.808145	0	1.977495	0	0	8.13570662909498	15.0002697530919	8.13570662909498	0.406743814088829	8.13570662909498	16.2802350648125	31.6383449093754	0.202665801152244	0	0.016
"181"	0	0	0	0	3.11149062658565	0	0	0	0	6.191742	0	0	0	0	0	0	0	0	0	0	0	0	0	0	0	0	0	0	0	0	0	0	0	0	0	1.90716	0	1.73812	0	1.56702	0	1.58872	0	1.813875	0	1.98325	0	0	0	0	0	0	0	0	0	0	0	0	0	1.90716	0	1.73812	0	1.56702	0	1.58872	0	1.813875	0	1.98325	0	10.3954901834227	8.13526567024325	14.9994567319215	8.13526567024325	0.406721768396502	8.13526567024325	16.2793526689632	21.0384850972665	0	0	0.0164
"182"	7.22081154840563	0	0	0	0	6.191742	0	0	0	0	8.58744645159439	0	0	0	0	73.3333333333334	0	0	0	0	0	0	0	0	0	0	0	0	0	0	0	0	0	0	0	1.90716	0	1.73812	0	1.56702	0	1.58872	0	1.813875	0	1.98325	0	0	0	0	0	0	0	0	0	0	0	0	0	1.90716	0	1.73812	0	1.56702	0	1.58872	0	1.813875	0	1.98325	36.6666666666667	25.135645	8.13482473529168	14.9986437548171	8.13482473529168	0.406699723899061	8.13482473529168	16.2784703209402	47.1058664688546	14.5375	1	0.0164
"183"	0	0	0	0	0	0	0	0	0	6.191742	0	0	0	0	0	0	0	0	0	0	0	0	0	0	0	0	0	0	0	0	0	0	0	0	0	1.90716	0	1.73812	0	1.56702	0	1.58872	0	1.813875	0	1.98325	0	0	0	0	0	0	0	0	0	0	0	0	0	1.90716	0	1.73812	0	1.56702	0	1.58872	0	1.813875	0	1.98325	0	0	8.13438382423898	14.9978308217765	8.13438382423898	0.406677680596441	8.13438382423898	16.2775880207409	36.5051683103233	3.93856706115224	0	0.0164
"184"	10.7595447947952	0	0	0	0	6.191742	0	0	0	0	5.04871320520482	0	0	0	0	73.3333333333334	0	0	0	6.31088724176809e-30	0	3.20286114	0	1.11022302462516e-16	0.92	0	17.1303802617625	3.13015626	0	0	3.47927544	0	0	3.4155204	0	1.90716	0	1.73812	0	1.56702	0	1.58872	0	1.813875	0	1.98325	0	0	0	3.20286114	0	0.92	0	3.13015626	0	3.47927544	0	3.4155204	0	1.90716	0	1.73812	0	1.56702	0	1.58872	0	1.813875	0	1.98325	36.6666666666667	35.3451046509022	8.13394293708386	11.7941567927972	7.21394293708386	14.4068796402511	4.65466749708385	12.8611853683626	45.4413311191653	14.5375	1	0.0164
"185"	0	0	0	0	3.08621416740958	0	0	0	0	6.23974	0	0	0	0	0	0	0	0	0	0	0	0	0	0	0	0	0	0	0	0	0	0	0	2.99633604	0	1.93174	0	1.762435	0	1.584235	0	1.60541	0	1.833245	0	2.00312	0	0	0	0	0	0	0	0	0	0	0	2.99633604	0	1.93174	0	1.762435	0	1.584235	0	1.60541	0	1.833245	0	2.00312	0	9.90057504904995	8.133502073825	11.7935175443492	7.21355193822672	14.4060987810839	4.65441521207307	9.86415224649985	34.7186831791768	10.7207660702022	0	0.0138
"186"	0	0	0	0	0	0	0	0	0	6.23974	0	0	0	0	0	0	0	0	0	0	0	0	0	0	0	0	0	0	0	0	0	0	0	0	0	1.93174	0	1.762435	0	1.584235	0	1.60541	0	1.833245	0	2.00312	0	0	0	0	0	0	0	0	0	0	0	0	0	1.93174	0	1.762435	0	1.584235	0	1.60541	0	1.833245	0	2.00312	0	0	8.13306123446113	11.7928783305487	7.21316096056189	14.4053179642395	4.65416294073624	9.86361760514094	23.9966164113887	0	0	0.0138
"187"	8.13976313245247	0	0	0	0	6.23974	0	0	0	0	1.13428729097856	0	0	0	0	62.5229840390517	0	0	0	0	0	0	0	0	0	0	0	0	0	0	0	0	0	0	0	1.93174	0	1.762435	0	1.584235	0	1.60541	0	1.833245	0	2.00312	0	0	0	0	0	0	0	0	0	0	0	0	0	1.93174	0	1.762435	0	1.584235	0	1.60541	0	1.833245	0	2.00312	28.0183872312414	25.257685	8.13262041899095	11.7922391513938	7.21277000408822	14.4045371897158	4.65391068307262	9.86308299275982	41.2935180155425	14.5375	1	0.0138
"188"	0	0	0	0	6.31302205164237	0	0	0	0	6.23974	0	0	0	0	0	0	0	0	0.96	0	0	3.20286114	0	0	0.92	0	0	3.13015626	0	0	0.93	0	0	3.4155204	0	1.93174	0	1.762435	0	1.584235	0	1.60541	0	1.833245	0	2.00312	0	0.96	0	3.20286114	0	0.92	0	3.13015626	0	0.93	0	3.4155204	0	1.93174	0	1.762435	0	1.584235	0	1.60541	0	1.833245	0	2.00312	0	19.5451162718848	7.17217962741316	8.58873886688276	6.29237906880457	11.2736001975105	3.72365843908148	6.44702800935493	30.5710948888354	10.803105533037	0	0.0138
"189"	0	0	0	0	0	0	0	0	0	6.47973	0	0	0	0	0	0	0	0	0	0	0	0	0	0	0	0	0	0	0	0	0	0	0	1	0	1.66685	0	1.501245	0	1.51732	0	1.53958	0	1.71955	0	1.857975	0	0	0	0	0	0	0	0	0	0	0	1	0	1.66685	0	1.501245	0	1.51732	0	1.53958	0	1.71955	0	1.857975	0	0	7.17179089214564	8.58827335348593	6.29203801911149	11.2729891634572	3.72345661516816	5.44667857762175	20.7669179221436	0	0	0.0111
"190"	6.4790387738475	0	0	0	0	6.47973	0	0	0	0	0	0	0	0	0	58.2646146230792	0	0	0	0	0	0	0	0	0	0	0	0	0	0	0	0	0	0	0	1.66685	0	1.501245	0	1.51732	0	1.53958	0	1.71955	0	1.857975	0	0	0	0	0	0	0	0	0	0	0	0	0	1.66685	0	1.501245	0	1.51732	0	1.53958	0	1.71955	0	1.857975	24.6116916984633	19.6055713296625	7.17140217794775	8.58780786532013	6.29169698790346	11.2723781625222	3.72325480219378	5.44638336526457	35.5749640445878	9.80305132966254	1	0.0111
"191"	-7.88860905221012e-31	0	0	0	0	0	0	0	0	6.47973	0	0	0	0	0	0	0	0	0	0	0	0	0	0	0	0	0	0	0	0	0	0	0	0	0	1.66685	0	1.501245	0	1.51732	0	1.53958	0	1.71955	0	1.857975	0	0	0	0	0	0	0	0	0	0	0	0	0	1.66685	0	1.501245	0	1.51732	0	1.53958	0	1.71955	0	1.857975	-9.86076131526265e-31	-2.36658271566304e-30	7.17101348481833	8.58734240238399	6.29135597517946	11.2717671947037	3.72305300015776	5.44608816890802	25.7705158660028	0	0	0.0111
"192"	12.2149861184211	0	0	0	0	6.47973	0	0	0	0	0	0	0	0	0	67.8245268640351	0	2.16537518724375	1.195	0	2.75698417532386	3.20286114	0	2.76998501906149	0.92	0	-1.60604513933766e-15	3.13015626	0	5.34814879094051	0.93	0	6.11072741144875	3.4155204	0	1.66685	0	1.501245	0	1.51732	0	1.53958	0	1.71955	0	1.857975	0	1.195	0	3.20286114	0	0.92	0	3.13015626	0	0.93	0	3.4155204	0	1.66685	0	1.501245	0	1.51732	0	1.53958	0	1.71955	0	1.857975	32.2596214912281	37.1335578	8.141	8.141	8.141	8.141	8.141	8.141	29.075	14.5375	1	0.0111
"193"	0	0	0	0	0	0	0	0	0	6.911712	0	0	0	0	0	0	0	0	0	0	0	0	0	0	0	0	0	0	0	0	0	0	0	0	0	2.019555	0	1.821115	0	1.689675	0	1.713825	0	1.99132	0	2.176765	0	0	0	0	0	0	0	0	0	0	0	0	0	2.019555	0	1.821115	0	1.689675	0	1.713825	0	1.99132	0	2.176765	0	0	8.14055875424526	8.14055875424526	8.14055875424526	8.14055875424526	8.14055875424526	8.14055875424526	17.6611691223045	3.12445706115225	0	0.0209
"194"	0	0	0	0	2.72630502821867	0	0	0	0	6.911712	0	0	0	0	0	0	0	0	0	0	0	0	0	0	0	0	0	0	0	0	0	0	0	0	0	2.019555	0	1.821115	0	1.689675	0	1.713825	0	1.99132	0	2.176765	0	0	0	0	0	0	0	0	0	0	0	0	0	2.019555	0	1.821115	0	1.689675	0	1.713825	0	1.99132	0	2.176765	0	8.28796728578475	8.14011753240623	8.14011753240623	8.14011753240623	8.14011753240623	8.14011753240623	8.14011753240623	6.24795687922636	0	0	0.0209
"195"	7.85614667855267	0	0	0	0	6.911712	0	0	0	0	7.23214132144736	0	0	0	0	73.3333333333334	0	0	0	0	0	0	0	0	0	0	0	0	0	0	0	0	0	0	0	2.019555	0	1.821115	0	1.689675	0	1.713825	0	1.99132	0	2.176765	0	0	0	0	0	0	0	0	0	0	0	0	0	2.019555	0	1.821115	0	1.689675	0	1.713825	0	1.99132	0	2.176765	36.6666666666667	23.8826859028001	8.13967633448161	8.13967633448161	8.13967633448161	8.13967633448161	8.13967633448161	8.13967633448161	31.5020299039021	12.4704309028001	1	0.0209
"196"	0	0	0	0	0	0	0	0	0	6.911712	0	0	0	0	0	0	0	0	0	0	0	0.64	0	0	0	0	0	0.4175	0	0	0	0	0	0	0	2.019555	0	1.821115	0	1.689675	0	1.713825	0	1.99132	0	2.176765	0	0	0	0.64	0	0	0	0.4175	0	0	0	0	0	2.019555	0	1.821115	0	1.689675	0	1.713825	0	1.99132	0	2.176765	0	0	8.13923516047012	7.49923516047012	8.13923516047012	7.72173516047012	8.13923516047012	8.13923516047012	20.088067480126	0	0	0.0209
"197"	8.72958881578947	0	0	0	0	6.671722	0	0	0	0	2.69926888152276	0	0	0	0	66.8342994955204	0	0	0	0	0	0	0	0	0	0	0	0	0	0	0	0	0	0	0	2.134635	0	1.93423	0	1.77357	0	1.798985	0	2.084225	0	2.274805	0	0	0	0	0	0	0	0	0	0	0	0	0	2.134635	0	1.93423	0	1.77357	0	1.798985	0	2.084225	0	2.274805	31.4674395964163	26.53795	8.13879401037045	7.4988286986499	8.13879401037045	7.72131663905275	8.13879401037045	8.13879401037045	39.5539682945135	14.5375	1	0.0181
"198"	0	0	0	0	0	0	0	0	0	6.671722	0	0	0	0	0	0	0	0	0	0	0	0	0	0	0	0	0	0	0	0	0	0	0	0	0	2.134635	0	1.93423	0	1.77357	0	1.798985	0	2.084225	0	2.274805	0	0	0	0	0	0	0	0	0	0	0	0	0	2.134635	0	1.93423	0	1.77357	0	1.798985	0	2.084225	0	2.274805	0	0	8.13835288418131	7.4984222588601	8.13835288418131	7.72089814031942	8.13835288418131	8.13835288418131	27.5513744521608	2.53626206115225	0	0.0181
"199"	0	0	0	0	2.98276880093253	0	0	0	0	6.671722	0	0	0	0	0	0	0	0	0	0	0	0	0	0	0	0	0	0	0	0	0	0	0	0	0	2.134635	0	1.93423	0	1.77357	0	1.798985	0	2.084225	0	2.274805	0	0	0	0	0	0	0	0	0	0	0	0	0	2.134635	0	1.93423	0	1.77357	0	1.798985	0	2.084225	0	2.274805	0	9.46432540535892	8.1379117819014	7.4980158410995	8.1379117819014	7.72047966426891	8.1379117819014	8.1379117819014	15.5494311556353	0	0	0.0181
"200"	8.50923527597903	0	0	0	0	6.671722	0	0	0	0	0	0	0	0	0	61.9682621266317	0	0	0	0	0	0.64	0	0	0	0	0	0.4175	0	0	0	0	0	0	0	2.134635	0	1.93423	0	1.77357	0	1.798985	0	2.084225	0	2.274805	0	0	0	0.64	0	0	0	0.4175	0	0	0	0	0	2.134635	0	1.93423	0	1.77357	0	1.798985	0	2.084225	0	2.274805	27.5746097013054	27.59545	8.13747070352942	6.85760944536693	8.13747070352942	7.30256121089998	8.13747070352942	8.13747070352942	31.1227480709824	14.5375	1	0.0181
"201"	0	0	0	0	0	0	0	0	0	6.503729	0	0	0	0	0	0	0	0	0	0	0	0	0	0	0	0	0	0	0	0	0	0	0	0	0	2.134635	0	1.93423	0	1.77357	0	1.798985	0	2.084225	0	2.274805	0	0	0	0	0	0	0	0	0	0	0	0	0	2.134635	0	1.93423	0	1.77357	0	1.798985	0	2.084225	0	2.274805	0	0	8.13702964906409	6.85723775994064	8.13702964906409	7.30216540889371	8.13702964906409	8.13702964906409	19.1206112044473	2.53626206115225	0	0.016
"202"	0	0	0	0	2.86884674306121	0	0	0	0	6.503729	0	0	0	0	0	0	0	0	0	0	0	0	0	0	0	0	0	0	0	0	0	0	0	0	0	2.134635	0	1.93423	0	1.77357	0	1.798985	0	2.084225	0	2.274805	0	0	0	0	0	0	0	0	0	0	0	0	0	2.134635	0	1.93423	0	1.77357	0	1.798985	0	2.084225	0	2.274805	0	9.46432540535892	8.1365886185041	6.85686609465986	8.1365886185041	7.30176962834008	8.1365886185041	8.1365886185041	7.11912485897107	0	0	0.016
"203"	8.04424067899363	0	0	0	0	6.503729	0	0	0	0	7.45203032100639	0	0	0	0	73.3333333333334	0	0	0	0	0	0	0	0	0	0	0	0	0	0	0	0	0	0	0	2.134635	0	1.93423	0	1.77357	0	1.798985	0	2.084225	0	2.274805	0	0	0	0	0	0	0	0	0	0	0	0	0	2.134635	0	1.93423	0	1.77357	0	1.798985	0	2.084225	0	2.274805	36.6666666666667	26.53795	8.13614761184816	6.8564944495235	8.13614761184816	7.30137386923793	8.13614761184816	8.13614761184816	31.7849556659619	14.5375	1	0.016
"204"	0	0	0	0	0	0	0	0	0	6.503729	0	0	0	0	0	0	0	0	0	0	-1.77635683940025e-15	0.64	0	0	0	0	0	0.625	0	0	0	0	0	0	0	2.134635	0	1.93423	0	1.77357	0	1.798985	0	2.084225	0	2.274805	0	0	0	0.64	0	0	0	0.625	0	0	0	0	0	2.134635	0	1.93423	0	1.77357	0	1.798985	0	2.084225	0	2.274805	0	0	8.13570662909498	6.21612282453046	8.13570662909498	6.6759781315861	8.13570662909498	8.13570662909498	19.782782907486	1.27126206115225	0	0.016
"205"	0	0	0	0	3.42415798916688	0	0	0	0	6.359735	0	0	0	0	0	0	0	0	0	0	0	0	0	0	0	0	0	0	0	0	0	0	0	0	0	2.26495	0	2.062735	0	1.88068	0	1.905525	0	2.20272	0	2.394695	0	0	0	0	0	0	0	0	0	0	0	0	0	2.26495	0	2.062735	0	1.88068	0	1.905525	0	2.20272	0	2.394695	0	11.4401118418066	8.13526567024325	6.21578590795912	8.13526567024325	6.67561629065632	8.13526567024325	8.13526567024325	7.07040567201429	0	0	0.0164
"206"	7.82786699224361	0	0	0	0	6.359735	0	0	0	0	0	0	0	0	0	60.3126699870727	0	0	0	0	0	0	0	0	0	0	0	0	0	0	0	0	0	0	0	2.26495	0	2.062735	0	1.88068	0	1.905525	0	2.20272	0	2.394695	0	0	0	0	0	0	0	0	0	0	0	0	0	2.26495	0	2.062735	0	1.88068	0	1.905525	0	2.20272	0	2.394695	26.2501359896581	27.248805	8.13482473529168	6.21544900964881	8.13482473529168	6.67525446933848	8.13482473529168	8.13482473529168	20.6088534425977	14.5375	1	0.0164
"207"	0	0	0	0	0	0	0	0	0	6.359735	0	0	0	0	0	0	0	0	0	0	0	0	0	0	0	0	0	0	0	0	0	0	0	0	0	2.26495	0	2.062735	0	1.88068	0	1.905525	0	2.20272	0	2.394695	0	0	0	0	0	0	0	0	0	0	0	0	0	2.26495	0	2.062735	0	1.88068	0	1.905525	0	2.20272	0	2.394695	0	0	8.13438382423898	6.21511212959853	8.13438382423898	6.67489266763151	8.13438382423898	8.13438382423898	7.89643143374236	1.82540706115225	0	0.0164
"208"	10.5097836945837	0	0	0	0	6.359735	0	0	0	0	0	0	0	0	0	64.7825311576395	0	0	0	0	0	0.64	0	0	3.44186712	0	0	0.625	0	0	3.47927544	0	0	0.915	0	2.26495	0	2.062735	0	1.88068	0	1.905525	0	2.20272	0	2.394695	0	0	0	0.64	0	3.44186712	0	0.625	0	3.47927544	0	0.915	0	2.26495	0	2.062735	0	1.88068	0	1.905525	0	2.20272	0	2.394695	29.8260249261116	34.5246394367075	8.13394293708386	5.57477526780729	4.69207581708386	6.04953088553435	4.65466749708385	7.21894293708386	25.0107233698223	14.5375	1	0.0164
"209"	0	0	0	0	3.26454355253821	0	0	0	0	6.311737	0	0	0	0	0	0	0	0	0	0	0	0	0	0	0	0	0	0	0	0	0	0	0	0	0	2.22978	0	2.03364	0	1.851125	0	1.876715	0	2.16356	0	2.349525	0	0	0	0	0	0	0	0	0	0	0	0	0	2.22978	0	2.03364	0	1.851125	0	1.876715	0	2.16356	0	2.349525	0	10.4726557165426	8.133502073825	5.57447311255357	4.69182150452579	6.04920299831885	4.65441521207307	7.21855166722454	12.5050227776948	12.5050227776948	0	0.0138
"210"	0	0	0	0	0	0	0	0	0	6.311737	0	0	0	0	0	0	0	0	0	0	0	0	0	0	0	0	0	0	0	0	0	0	0	0	0	2.22978	0	2.03364	0	1.851125	0	1.876715	0	2.16356	0	2.349525	0	0	0	0	0	0	0	0	0	0	0	0	0	2.22978	0	2.03364	0	1.851125	0	1.876715	0	2.16356	0	2.349525	0	0	8.13306123446113	5.57417097367679	4.69156720575157	6.04887512887497	4.65416294073624	7.21816041857221	0	0	0	0.0138
"211"	8.71474218498227	0	0	0	0	6.311737	0	0	0	0	0	0	0	0	0	61.7107986416371	0	0	0	0	0	0	0	0	0	0	0	0	0	0	0	0	0	0	0	2.22978	0	2.03364	0	1.851125	0	1.876715	0	2.16356	0	2.349525	0	0	0	0	0	0	0	0	0	0	0	0	0	2.22978	0	2.03364	0	1.851125	0	1.876715	0	2.16356	0	2.349525	27.3686389133097	27.041845	8.13262041899095	5.57386885117607	4.69131292076046	6.04854727720177	4.65391068307262	7.21776919112574	14.8642939133097	14.5375	1	0.0138
"212"	0	0	0	0	1.53035591048054	0	0	0	0	6.311737	0	0	0	0	0	0	0	0	0.96	0	0	0.64	0	0	0.92	0	0	0.4175	0	0	2.91784896	0	0	0.915	0	2.22978	0	2.03364	0	1.851125	0	1.876715	0	2.16356	0	2.349525	0	0.96	0	0.64	0	0.92	0	0.4175	0	2.91784896	0	0.915	0	2.22978	0	2.03364	0	1.851125	0	1.876715	0	2.16356	0	2.349525	0	4.73798189884775	7.17217962741316	4.93356674505053	3.77105864955171	5.63071944329826	1.73580947908148	6.30237798488396	2.35914326208916	0	0	0.0138
"213"	8.79409593495935	0	0	0	0	6.263739	0	0	0	0	6.94216506504067	0	0	0	0	73.3333333333334	0	0	0	0	0	0	0	-4.44089209850063e-16	0	4.44089209850063e-16	0	0	-4.44089209850063e-16	0	0	0	0	0	0	2.22978	0	2.03364	0	1.851125	0	1.876715	0	2.16356	0	2.349525	0	0	0	0	0	0	0	0	0	0	0	0	0	2.22978	0	2.03364	0	1.851125	0	1.876715	0	2.16356	0	2.349525	36.6666666666667	27.041845	7.17179089214564	4.93329934357872	3.77085425652628	5.6304142558458	1.73571539744978	6.30203639324527	26.5213370621609	14.5375	1	0.0111
"214"	3.46089085146814	0	0	0	0	6.263739	0	0	0	0	11.4909358362216	0	0	0	0	72.0259428128162	0	0	0	0	0	0	0	0	0	0	0	0	0	0	0	0	0	0	0	2.22978	0	2.03364	0	1.851125	0	1.876715	0	2.16356	0	2.349525	0	0	0	0	0	0	0	0	0	0	0	0	0	2.22978	0	2.03364	0	1.851125	0	1.876715	0	2.16356	0	2.349525	35.6207542502529	10.4726557165426	7.17140217794775	4.93303195660019	3.77064987457905	5.63010908493463	1.73562132091734	6.30169482012099	49.6363088443646	12.5050227776948	1	0.0111
"215"	0	0	0	0	0	0	0	0	0	6.263739	0	0	0	0	0	0	0	0	0	0	0	0	0	0	0	0	0	0	0	0	0	0	0	0	0	2.22978	0	2.03364	0	1.851125	0	1.876715	0	2.16356	0	2.349525	0	0	0	0	0	0	0	0	0	0	0	0	0	2.22978	0	2.03364	0	1.851125	0	1.876715	0	2.16356	0	2.349525	0	0	7.17101348481833	4.93276458411415	3.7704455037094	5.62980393056386	1.7355272494839	6.30135326551012	37.1292735347517	0	0	0.0111
"216"	11.11409375	0	0	0	0	6.263739	0	0	0	0	0	0	0	0	0	65.62972125	0	2.16537518724375	1.195	0	3.84850277388019	0.64	0	5.29075885608325	0.92	0	3.97650120726742	1.465	0	7.33556681685084	0.93	0	3.43498827058833	1.595	0	2.22978	0	2.03364	0	1.851125	0	1.876715	0	2.16356	0	2.349525	0	1.195	0	0.64	0	0.92	0	1.465	0	0.93	0	1.595	0	2.22978	0	2.03364	0	1.851125	0	1.876715	0	2.16356	0	2.349525	30.503777	33.786845	8.141	8.141	8.141	8.141	8.141	8.141	29.075	14.5375	1	0.0111
